[1] 103.86997  98.04345  95.24454 101.69683 105.01170  83.79481  94.97378  93.96877 321.18115  90.38507 161.86508 102.42140  97.00678
 [14]  90.67893  98.23516  93.85688 102.28853 131.27690  95.74712  96.92584  94.06593 217.35418  85.08443  89.19874 110.85120 103.62158
 [27] 100.46475  89.37380 105.87127  99.93453 109.48067 105.87738 101.28354 110.19772  86.10013  98.46851 194.47653 102.07307  95.30198
 [40] 111.79060  81.69830 256.91158  98.76866  94.02270  88.21754 209.09438  87.82568  99.28805  85.06807  97.87407  99.87082  87.74126
 [53] 102.58528  97.31521  82.02339  85.07545 103.54966 104.18876  84.09963  95.33214  99.30384  98.46960  91.31553 102.89706  99.86728
 [66] 130.87487  93.48280  85.96874 108.72435  85.16618  88.82314 100.29361 104.03287  99.28160 101.45971 103.38596 101.57312 101.52328
 [79] 100.87499  89.50431  95.37804  99.39357 106.70716 129.43303  86.69869  97.29285  84.04176  88.90584 100.25973  99.66443 101.15885
 [92]  89.12243 101.46186  84.92281 100.53144 100.10609 110.73668 100.77572  86.98346  95.36363  87.80368 149.20971  98.71632  96.50579
[105]  79.36413 101.88355  81.74352  90.06332 103.55291  95.71472  98.49091 242.83449  92.75816 103.01520 296.24020  99.93403  98.52487
[118]  91.84080  99.41539  98.67284 100.84403 236.19944 105.39010  95.60697  95.62710 104.69884  96.56929 107.50452  96.26696 102.36853
[131] 101.42610  88.52586  95.17711 101.21501 130.38444  93.34727  84.06648  96.83459  85.74139  97.66468  82.65905  88.83765  91.38192
[144] 100.83705  95.18131  95.78474  95.76539  96.51822  83.36869  83.10084  83.15773 100.10542 106.47433 113.66153  98.35418 103.83655
[157]  90.94584  99.12774  83.09311  88.57279 102.55511  98.50821  95.45222  91.12798  98.82526  84.52887 102.87202 172.10683  80.69902
[170] 107.88712 101.79092  97.57911  96.63362 273.96212  98.31573 238.19263 186.39424 101.00024 100.39039  99.16314  86.20337 104.12902
[183] 100.55173  86.83617  89.07075  98.77870 100.76160  96.29777  94.15820  95.20249  90.47465 107.31666  94.92477 101.84877 103.48986
[196]  82.18106 104.24289 100.18808 103.95566 100.90316  87.16114  94.17458  96.11768  97.85194  98.76092  87.16074  93.54350  94.16948
[209]  94.65743  97.85913 101.17201 101.33494  91.05422  94.58532  98.98000  97.08040 104.05387 130.40877 189.35819 101.41322  87.84061
[222] 105.50646 101.20623 100.27760 101.42721  82.81645  83.68898  90.93720  93.96387  92.52474  94.05208 101.74384 100.66535 265.62103
[235]  93.13948 104.37301
[1] 0.03862303
[1] "---------------"
[[1]]
  [1] 103.86997  98.04345  95.24454 101.69683 105.01170  83.79481  94.97378  93.96877 321.18115  90.38507 161.86508 102.42140  97.00678
 [14]  90.67893  98.23516  93.85688 102.28853 131.27690  95.74712  96.92584  94.06593 217.35418  85.08443  89.19874 110.85120 103.62158
 [27] 100.46475  89.37380 105.87127  99.93453 109.48067 105.87738 101.28354 110.19772  86.10013  98.46851 194.47653 102.07307  95.30198
 [40] 111.79060  81.69830 256.91158  98.76866  94.02270  88.21754 209.09438  87.82568  99.28805  85.06807  97.87407  99.87082  87.74126
 [53] 102.58528  97.31521  82.02339  85.07545 103.54966 104.18876  84.09963  95.33214  99.30384  98.46960  91.31553 102.89706  99.86728
 [66] 130.87487  93.48280  85.96874 108.72435  85.16618  88.82314 100.29361 104.03287  99.28160 101.45971 103.38596 101.57312 101.52328
 [79] 100.87499  89.50431  95.37804  99.39357 106.70716 129.43303  86.69869  97.29285  84.04176  88.90584 100.25973  99.66443 101.15885
 [92]  89.12243 101.46186  84.92281 100.53144 100.10609 110.73668 100.77572  86.98346  95.36363  87.80368 149.20971  98.71632  96.50579
[105]  79.36413 101.88355  81.74352  90.06332 103.55291  95.71472  98.49091 242.83449  92.75816 103.01520 296.24020  99.93403  98.52487
[118]  91.84080  99.41539  98.67284 100.84403 236.19944 105.39010  95.60697  95.62710 104.69884  96.56929 107.50452  96.26696 102.36853
[131] 101.42610  88.52586  95.17711 101.21501 130.38444  93.34727  84.06648  96.83459  85.74139  97.66468  82.65905  88.83765  91.38192
[144] 100.83705  95.18131  95.78474  95.76539  96.51822  83.36869  83.10084  83.15773 100.10542 106.47433 113.66153  98.35418 103.83655
[157]  90.94584  99.12774  83.09311  88.57279 102.55511  98.50821  95.45222  91.12798  98.82526  84.52887 102.87202 172.10683  80.69902
[170] 107.88712 101.79092  97.57911  96.63362 273.96212  98.31573 238.19263 186.39424 101.00024 100.39039  99.16314  86.20337 104.12902
[183] 100.55173  86.83617  89.07075  98.77870 100.76160  96.29777  94.15820  95.20249  90.47465 107.31666  94.92477 101.84877 103.48986
[196]  82.18106 104.24289 100.18808 103.95566 100.90316  87.16114  94.17458  96.11768  97.85194  98.76092  87.16074  93.54350  94.16948
[209]  94.65743  97.85913 101.17201 101.33494  91.05422  94.58532  98.98000  97.08040 104.05387 130.40877 189.35819 101.41322  87.84061
[222] 105.50646 101.20623 100.27760 101.42721  82.81645  83.68898  90.93720  93.96387  92.52474  94.05208 101.74384 100.66535 265.62103
[235]  93.13948 104.37301