103.031 37 11 36285 1865 92 1 107 876 1 0 1 30 89 1 123 124 0 1 0.8482439490352061 0.6382083374084615 0 784 68 23 33 448 331 8 15 1 89 3.489364557076994 0.07325905005015731 8 80
103.564 45 30 35174 28507 5 1 20 315 1 0 0 47 68 0 24 85 0 0 0.9660932416716256 0.659085367049331 1 30 40 21 49 480 109 10 37 1 97 1.516271924195189 0.5194626691432735 4 80
105.753 4 2 34494 33769 126 1 63 554 1 0 0 75 92 1 126 60 0 1 0.6232749531841193 0.7815248776358177 0 111 7 27 10 345 461 10 30 1 95 1.5166601701058977 0.21976525232978605 5 80
104.779 70 21 36036 10846 57 0 74 166 1 1 2 21 89 0 85 60 1 0 0.984840834949019 0.6887656439337289 0 420 62 25 31 500 297 5 38 0 60 3.9434688410087317 0.5490645531553616 2 80
97.907 38 9 2409 8472 117 0 19 232 1 0 2 78 108 0 66 25 1 1 0.6351666210608504 0.6762937438019289 1 438 98 29 48 277 173 10 34 0 85 4.06748026252216 0.1914436039772719 3 80
111.731 93 8 25218 13468 96 1 60 159 1 0 2 47 2 0 101 124 0 1 0.6650414814729002 0.9371595042800878 0 529 53 23 49 251 138 9 19 1 34 4.583179644912759 0.6910649255122133 7 80
105.674 67 3 2619 11101 126 0 104 282 1 0 2 101 85 0 80 64 1 0 0.5612666859555632 0.7957536398806663 1 293 76 21 39 102 169 9 41 1 69 3.444392356667124 0.12517499486607941 8 80
110.398 72 15 25766 2924 35 1 69 514 1 1 0 118 43 1 96 59 0 0 0.7081458032734813 0.6738797368505487 1 643 35 12 38 173 374 3 41 1 100 1.5024747867936132 0.15311646500226106 6 80
96.527 12 18 20298 14345 71 1 123 888 0 1 1 20 113 1 106 116 0 0 0.9865965879306906 0.6345964912904525 0 818 2 7 17 102 373 8 8 1 47 4.795463938420667 0.9310602975933664 2 80
114.175 70 6 19382 1709 123 1 89 403 1 1 1 3 18 0 74 21 0 1 0.5983538989674494 0.8320042887911883 0 985 53 21 41 269 341 4 28 0 59 4.762236194455696 0.3776436498993694 5 80
123.795 4 30 9546 29304 86 1 103 504 0 0 1 120 72 0 17 110 1 0 0.7414306256201835 0.6349956713129279 1 993 12 14 46 82 367 7 47 1 13 2.2207409540804095 0.865046811721224 8 80
97.230 40 21 17853 1594 116 1 121 196 1 1 1 4 110 1 101 69 0 1 0.7574915560392141 0.9178877236334106 0 970 52 11 43 385 76 7 48 0 27 3.1941309173419743 0.15313314856017446 3 80
101.607 59 13 2583 26072 74 0 92 996 0 1 0 10 39 0 67 101 1 0 0.7086973040922808 0.5234915967527085 1 299 11 23 20 203 488 8 49 0 59 1.5110477517901906 0.1790828235514852 6 80
83.460 10 4 23917 20235 89 0 82 873 1 0 2 20 53 1 25 50 0 1 0.579108733407803 0.5692718276120545 1 53 67 14 50 321 322 8 36 0 30 2.1426846873606453 0.2479836573798162 7 80
133.564 3 30 25522 27569 121 1 47 178 0 0 0 97 36 0 14 104 1 0 0.9922833127660864 0.5778790356550605 1 181 124 16 12 221 452 7 45 1 100 3.528319702730327 0.4978354302417791 6 80
95.765 66 6 26931 12621 49 1 8 710 1 1 1 2 84 0 121 48 0 0 0.9041584930734606 0.8298228111061599 0 843 104 30 20 283 246 6 32 0 67 4.333626608546914 0.5782582860052948 7 80
105.882 99 20 1255 3116 86 1 19 847 0 0 0 107 90 0 88 39 0 1 0.9124361434683915 0.8871403488740788 1 649 128 14 25 281 355 7 10 0 83 4.178386512084872 0.8651231687899955 3 80
105.578 82 19 25517 19122 118 0 70 518 0 1 2 119 17 1 64 63 1 0 0.6194991868056634 0.8131977935564965 0 489 100 22 18 482 120 6 27 0 69 4.883063105063933 0.32269077515710476 6 80
108.156 7 30 16507 19759 40 1 59 237 1 0 2 43 15 1 34 32 0 1 0.5535674947707728 0.5334742306832163 0 78 49 9 43 171 433 6 37 1 78 1.9003798752735834 0.6357473219918636 5 80
98.632 44 16 34474 7209 57 1 35 766 0 0 1 40 13 1 110 101 0 1 0.6616501353924112 0.8699603363853177 1 491 108 16 27 115 213 7 5 0 38 3.2528761871107994 0.5093238048259411 8 80
85.435 17 22 23293 10116 7 0 110 924 0 0 2 28 86 0 61 119 1 1 0.5535405405616796 0.896830052045354 1 899 19 23 12 200 119 4 16 0 72 2.4847376032049415 0.49565228093280067 2 80
96.613 70 5 35091 6467 31 1 52 770 0 1 2 73 114 0 55 6 1 0 0.5258907981809854 0.6998867164910058 1 365 124 30 23 492 140 10 31 0 94 4.276616367713496 0.6589715062368836 2 80
109.434 55 23 5237 18574 118 1 45 219 0 0 1 83 59 0 30 11 1 1 0.7706320525144535 0.9313607356361497 1 965 77 27 31 114 244 3 17 0 89 2.8722940570210307 0.43614571315820716 7 80
100.464 44 22 25642 7990 53 0 51 484 0 0 1 112 43 0 114 26 0 0 0.5344277990542515 0.9689260558324913 1 798 96 20 31 465 237 10 21 1 41 4.639966290903679 0.15627443453891254 5 80
103.278 86 1 13508 9750 89 0 85 122 0 0 2 12 72 1 22 101 1 1 0.9884492901275653 0.52482984622226 1 761 63 19 31 129 318 1 19 0 95 4.014501518425778 0.7532073261241162 8 80
87.426 29 18 9603 24449 83 0 4 137 1 0 1 7 116 0 45 34 1 1 0.9492188463057829 0.6370063554439581 0 689 79 10 12 90 311 3 36 0 19 3.514136346362847 0.5742813470819785 7 80
106.507 80 11 30893 10867 67 0 90 684 1 0 0 34 104 1 104 58 0 0 0.7985193773276282 0.6616019432577998 0 437 100 21 23 87 67 3 6 0 55 1.394571891231307 0.09986009078759062 2 80
99.420 54 18 23249 29525 92 0 74 252 1 1 2 75 99 1 13 79 0 0 0.9391283112707606 0.8679039661244334 0 923 98 29 42 393 160 4 37 1 50 2.291135630702172 0.5675489524608135 2 80
89.068 6 27 1040 14664 92 0 56 196 0 0 1 70 125 0 21 17 1 1 0.8253433989020484 0.8521493871640522 1 646 99 18 8 489 275 6 21 0 38 4.184697736736904 0.15838583424500707 7 80
94.540 48 13 34695 29605 30 0 89 841 0 0 0 37 45 0 82 121 0 1 0.5126468353926187 0.6374067475154134 0 56 17 4 41 354 469 7 24 0 84 4.073822779418255 0.9249757581335034 8 80
79.907 18 9 23874 21400 97 0 7 452 0 1 0 46 61 1 102 3 1 0 0.5550422078245044 0.7913576449575199 1 41 33 10 16 338 317 10 43 1 78 2.917839806314427 0.8711604101427851 8 80
96.292 84 12 32378 24710 91 0 11 880 1 1 0 11 25 0 111 85 1 0 0.8258991732698753 0.7907018050677499 0 489 45 3 14 223 491 1 43 0 49 4.006137941788687 0.5078896790627104 1 80
99.901 86 8 32617 28637 117 0 13 707 1 1 0 89 106 1 35 111 0 0 0.9471517482751706 0.9045971499672815 0 891 85 20 29 58 218 3 7 1 91 2.889353533105953 0.6030299057115452 6 80
88.460 27 30 23203 20352 51 1 83 204 1 0 2 98 2 1 116 121 0 0 0.6557308848130544 0.9605575709555303 1 699 67 12 44 483 294 2 11 1 69 3.8988853562065104 0.958180747957571 7 80
100.601 31 24 12177 20337 66 0 13 140 1 1 1 43 57 1 96 85 0 1 0.9544877687811124 0.6925552819607022 1 293 30 3 11 330 484 3 15 0 55 2.781744631858701 0.6063894362644892 3 80
99.150 47 8 21860 14431 38 1 110 618 1 0 0 118 78 0 102 98 1 0 0.8511927302433251 0.7818084858269542 0 148 44 24 30 107 484 6 39 1 47 3.2649372113972417 0.597785600826177 4 80
99.977 60 13 5140 12970 79 0 90 712 1 0 2 23 61 1 38 128 1 0 0.6241305892436408 0.8541046727122883 1 923 117 16 29 284 493 5 44 1 75 4.0397769260696474 0.33544477982558185 1 80
193.199 2 20 13097 22339 54 0 53 963 1 1 1 34 79 0 104 70 0 0 0.7366970453825287 0.7823502332574023 0 464 68 14 22 134 462 4 34 0 89 2.9528346811474275 0.17208288627849866 3 80
221.299 7 23 26285 30233 39 0 94 141 0 1 2 91 77 1 95 63 1 0 0.8957137358350178 0.5722048498472962 1 18 125 3 14 80 82 1 17 0 29 4.534354597365183 0.4647455453281577 2 80
94.678 34 16 22134 10831 113 0 90 541 1 0 0 126 124 1 27 82 0 1 0.5273137163001673 0.5875111621433922 1 747 52 30 37 297 366 5 7 1 77 1.5538616067841948 0.4580520197721708 3 80
130.372 77 30 18826 35545 75 1 69 365 0 1 1 35 21 0 90 127 0 1 0.6323012410668496 0.9492453803949668 1 471 90 2 17 494 411 10 7 1 54 3.6757919522036624 0.6050934842252174 6 80
95.453 64 13 29355 9363 52 1 55 622 1 0 1 54 39 1 67 32 0 0 0.7957873624029128 0.8705426033093817 0 734 25 3 26 56 496 5 16 0 88 4.205927689392001 0.0013655561543112205 2 80
121.887 82 11 25275 32276 58 1 70 229 1 0 2 87 48 0 99 62 0 1 0.5369454687810005 0.8532608905961567 0 832 91 2 18 271 219 2 16 1 45 1.2009349291906166 0.0034301809610131073 7 80
97.565 98 24 34763 19667 38 1 122 964 1 0 2 52 99 0 73 33 1 0 0.7806918753613794 0.6362710436143683 0 252 55 15 9 200 379 3 22 0 56 2.1086581774999353 0.24951166187084373 7 80
90.305 64 30 13457 31269 46 0 45 404 0 1 1 55 43 1 11 29 1 0 0.8461998558407784 0.848491660987219 0 145 93 7 39 262 367 4 48 1 99 4.171531766404739 0.44189785332558096 8 80
78.922 20 18 2358 11578 10 0 9 360 0 0 2 111 13 1 115 2 0 0 0.9552086206418374 0.5337300925442843 0 53 94 16 34 192 454 5 27 0 97 4.555271955216449 0.3575241216835976 3 80
152.430 3 18 4241 31556 78 0 35 935 0 1 1 117 77 1 80 59 0 0 0.8041029081638795 0.5983826403004743 0 187 81 14 8 140 269 2 34 1 81 2.5696101179868718 0.4025840713869402 5 80
91.949 75 29 22073 18131 88 1 114 334 1 1 1 29 108 1 59 112 1 0 0.8171974290799493 0.5944819204799929 1 730 14 5 26 132 190 7 32 1 27 1.5677094836779752 0.9961938916504709 7 80
90.410 66 6 9181 28033 3 1 119 371 1 0 2 102 71 1 64 118 1 0 0.7798795686200546 0.8792757928541346 0 647 56 10 22 272 70 8 4 0 24 4.238400209526104 0.5461983576832384 3 80
394.190 10 18 11916 9215 112 1 7 179 0 1 0 7 91 0 24 64 1 1 0.5014647207137606 0.6525738800557119 0 631 106 1 38 151 215 4 29 1 38 3.428277504259797 0.8948092560262563 4 80
101.757 68 28 17031 6435 75 0 84 173 1 0 2 125 91 1 26 98 0 0 0.9221917713009011 0.9003423623062197 0 508 96 17 13 174 43 8 20 0 84 4.128309800265699 0.004589791958489853 5 80
99.065 57 19 1584 25717 19 0 80 989 0 0 1 121 92 1 71 108 0 1 0.9167940084901507 0.5919904313493312 1 262 117 19 9 285 387 10 47 1 31 4.67052322807525 0.06355031868274874 5 80
107.296 76 7 11216 7796 3 0 46 359 0 0 0 128 102 0 32 7 0 0 0.7549739226577397 0.7837080132096625 1 736 28 25 49 252 215 4 10 0 17 1.4744502040189875 0.5359001406563005 4 80
336.335 1 12 31683 13147 98 0 47 506 1 1 0 83 54 0 46 64 1 0 0.8782865265803956 0.9013714720287573 1 712 106 14 46 399 456 8 33 0 17 1.9355986115186932 0.6285879261056617 2 80
174.137 7 2 5517 12316 107 0 16 204 1 0 2 110 36 0 102 56 1 0 0.6470518244282331 0.6065291896528837 0 157 74 4 27 194 497 1 9 1 23 4.630695591825363 0.0839336976654701 6 80
100.286 21 8 30901 1215 92 1 92 350 1 1 2 6 2 0 78 51 0 1 0.6390506945564807 0.9790201815821327 0 507 121 28 10 436 309 7 43 1 37 2.21060065639662 0.9326093416923789 5 80
151.104 13 13 17356 11857 104 1 99 483 1 0 0 61 3 0 35 18 0 0 0.5628597540052803 0.5995425734995888 1 574 20 3 32 377 192 10 29 0 99 1.8478202396376924 0.611269827207764 5 80
93.392 15 15 19695 29278 72 0 51 769 1 1 1 28 58 0 66 33 0 1 0.7524374856396234 0.6815494903210026 1 577 126 7 20 114 286 8 47 0 67 2.1140648958556687 0.5996919549986752 3 80
92.004 31 16 34734 18486 70 0 84 150 0 0 0 26 110 0 100 5 0 0 0.5316810948450483 0.7388448047942657 1 622 59 30 19 489 407 9 7 0 56 2.6228075971191926 0.40986967130053975 6 80
124.309 72 22 26054 10499 118 0 102 276 0 0 2 56 5 0 88 8 0 1 0.8426566820002375 0.896881805149593 1 597 41 1 39 400 453 8 37 1 47 3.083067991486374 0.7368679132744465 6 80
92.905 28 7 18594 22765 56 0 67 426 0 1 2 128 101 0 72 83 1 1 0.9611119903201877 0.8732386756649968 1 221 78 21 28 223 498 3 4 1 80 3.6309538438411053 0.9999097819981306 5 80
93.727 41 29 33840 10546 15 1 36 864 1 0 0 97 64 1 66 52 0 1 0.8189234998945996 0.7218142289452372 0 402 8 18 31 196 359 10 26 1 60 1.581006097255349 0.24269595210069206 5 80
102.904 49 5 24591 15002 123 1 24 430 0 1 2 27 47 1 21 127 1 0 0.5121805633305483 0.9169480555601629 1 359 42 29 45 288 346 3 19 1 47 3.8255015357459734 0.600386961035578 1 80
99.385 63 20 16771 2341 40 0 16 200 1 1 1 55 124 0 15 41 1 1 0.534539529732456 0.8597415844490968 1 977 62 20 9 243 62 1 26 1 38 4.536815999876045 0.2808400127423284 5 80
98.641 33 16 12446 23532 58 0 64 810 1 1 1 81 37 1 79 45 0 1 0.5835796080959619 0.6781393424133004 1 619 92 28 33 170 231 10 41 0 93 4.728056462438821 0.9371321934178349 3 80
91.515 50 27 9968 13225 77 0 85 558 1 1 2 81 127 1 79 12 0 0 0.7721150154929912 0.7450086708425046 0 152 20 8 28 377 390 2 2 0 96 4.762217477816215 0.9483052742445172 6 80
97.525 47 14 10497 25717 34 1 39 590 0 1 0 43 33 0 109 8 1 0 0.8396056310080084 0.6818441505811117 1 283 69 15 35 209 257 2 9 1 63 2.8807264279228972 0.9292508644610955 1 80
102.779 87 8 18250 17349 51 0 94 461 1 0 1 41 35 0 14 38 0 0 0.5947155624201061 0.5928269061356919 1 21 96 28 18 111 374 8 43 0 88 2.2677000919451427 0.651373477208412 7 80
100.475 52 5 22096 4324 17 0 60 456 1 1 0 78 72 1 9 50 1 1 0.9854133614355775 0.9918324468138098 0 941 118 25 48 250 333 1 13 1 37 3.8950509329663543 0.2056146996896725 3 80
102.611 55 17 24516 35347 81 0 35 552 1 0 2 12 69 0 97 62 1 1 0.6929837292041977 0.6333723829004418 1 871 97 5 24 159 249 10 36 1 42 1.8172792074025224 0.20335499076708408 6 80
103.931 100 17 7535 16909 67 0 58 700 0 1 2 39 72 0 61 7 1 1 0.7534678336508533 0.9200585233331036 1 726 126 17 17 400 116 2 23 0 11 3.8373209071489325 0.13273178264490226 7 80
101.371 14 21 36850 36390 106 1 85 176 0 1 0 53 90 1 47 5 0 1 0.9260089242065088 0.5021274329152805 0 959 60 10 11 181 205 10 45 0 89 3.7252535544871965 0.35961983009449183 5 80
89.982 40 18 26771 20530 53 0 116 704 0 0 1 43 63 1 34 61 1 1 0.8159227274672343 0.5032429402344293 0 580 32 8 11 491 297 6 15 0 60 1.891723510136147 0.8191068545148493 6 80
106.327 72 19 5884 6915 76 0 74 104 0 1 0 54 102 0 86 47 0 0 0.5841407538049215 0.8155582162142034 0 657 113 22 39 248 370 3 26 0 69 1.6610324046693181 0.8679879128665808 6 80
86.625 20 6 8414 19211 15 0 103 179 1 1 2 80 57 1 107 81 0 1 0.6731144415914461 0.9322153819824655 1 835 98 18 45 353 349 6 32 1 74 4.915998875563753 0.7826208689915471 4 80
95.504 78 5 35508 23298 96 0 100 858 0 0 1 123 89 1 126 115 0 1 0.8600964575096588 0.6522842877169932 1 546 88 3 32 467 31 4 4 0 43 3.854274934755987 0.7081402715071189 6 80
91.233 41 30 33808 7176 94 1 109 405 1 1 2 121 76 0 18 92 0 1 0.6848923954073156 0.9454289945319736 1 183 26 27 12 184 125 3 15 1 61 2.629389296163632 0.3547914370562685 4 80
109.470 84 1 8628 10564 128 0 13 488 0 1 0 43 115 1 34 10 0 1 0.7846575776097441 0.7292513786635881 0 66 55 22 45 304 151 2 16 0 33 1.0742603639252568 0.030211843441614983 2 80
96.497 74 8 12066 25449 102 1 31 377 1 0 1 97 123 0 94 61 1 1 0.91551994832079 0.7696949313363272 0 205 65 14 48 458 496 3 18 0 41 3.9715387458950624 0.1287095173070001 6 80
100.850 56 23 27645 36376 101 0 59 674 0 0 2 66 67 1 48 113 1 0 0.5672136184280012 0.7228433795564578 0 982 50 21 23 487 377 1 35 1 72 2.708453637784526 0.2230887520808733 7 80
98.032 36 18 26886 11327 34 1 109 873 1 0 2 61 86 1 111 56 0 0 0.9965162545319416 0.7795528093450513 1 450 49 21 14 345 489 2 16 0 70 1.7345164871550236 0.23250309592632845 4 80
106.011 52 2 2911 12667 53 1 119 251 1 1 2 58 108 0 126 123 0 0 0.9843916923375577 0.7730848367927998 1 431 122 30 50 408 253 9 2 1 82 4.4385134809798465 0.15000475483351317 1 80
98.804 68 30 8351 5535 53 0 7 297 0 0 0 61 25 0 61 96 1 0 0.7407683672865353 0.9741509270281622 1 61 92 7 49 204 418 2 28 0 29 2.9412605927872244 0.6913679575477639 6 80
94.333 44 15 1741 14747 24 0 37 609 0 1 1 87 6 1 81 13 1 0 0.8520454851641062 0.6935484783256232 0 670 78 14 20 402 312 3 39 0 95 1.9644895770282327 0.40575889375230134 5 80
101.460 68 28 4648 11131 11 1 81 487 1 0 2 83 59 1 8 51 1 1 0.6733116697130499 0.9300018603288407 1 331 27 8 35 155 460 7 34 0 78 4.250179992527313 0.9487809269438812 2 80
97.444 61 4 36327 9009 53 1 7 634 0 1 2 65 26 1 128 62 1 0 0.8435736861289067 0.8141212275390274 1 257 116 23 20 328 336 1 38 1 22 1.1379445969135182 0.9973158012171727 4 80
99.235 45 7 19285 10248 83 0 88 931 1 0 1 63 30 0 41 82 1 0 0.810102396988147 0.5669309953523538 1 945 28 18 22 98 273 7 39 1 46 2.5561110184169276 0.3204138458450392 2 80
100.954 47 3 19516 1820 49 1 74 741 0 1 2 11 117 1 91 63 1 1 0.6560461912777411 0.7015074876418691 1 333 115 19 12 77 83 2 38 0 40 1.0514180292355002 0.19343449618041064 7 80
98.571 62 11 34532 34852 114 1 41 467 1 1 1 73 57 0 73 2 1 1 0.9819394477651611 0.7402014832227828 1 347 16 8 18 289 349 10 40 1 60 3.686186544669375 0.535224342153915 4 80
103.110 75 6 20768 3874 75 0 65 740 0 1 2 11 123 1 35 12 1 0 0.8025338265149875 0.789434557821552 1 928 71 29 19 342 27 6 32 0 57 1.9136183340752897 0.6167402906765348 7 80
92.008 6 25 18012 1125 25 1 109 374 0 1 0 122 19 0 82 19 0 0 0.868020034822098 0.5918954668851923 0 884 106 24 30 455 86 5 29 1 70 3.5455364798379674 0.7302054141888289 6 80
108.045 80 15 2120 5080 46 1 104 674 0 1 1 54 44 0 46 106 0 0 0.5483352892280817 0.6636682572003196 0 88 110 14 34 131 250 4 27 0 13 3.22468543806015 0.2704182207789706 1 80
91.362 31 25 20977 25409 124 0 112 535 0 1 2 7 5 1 44 8 0 1 0.5982462538136735 0.7052485033574365 1 871 75 11 40 431 231 2 47 0 98 4.496856718487297 0.5345964758353464 7 80
107.435 78 26 17920 2882 34 0 24 977 1 1 1 98 53 1 37 127 0 0 0.9054941636841887 0.57645386990071 1 722 114 12 12 468 68 2 12 1 15 3.2941309321294696 0.7476894109214169 3 80
88.050 21 2 21049 30715 39 0 18 121 0 1 2 6 78 1 109 29 1 0 0.6821940137129303 0.6050005383973402 1 597 27 6 32 370 75 1 49 0 38 4.838869172572161 0.7978514875478656 5 80
91.098 36 19 1859 2797 80 0 115 443 1 0 0 54 6 0 93 126 1 1 0.9324508894403534 0.8717671947547985 1 421 97 13 28 355 226 8 37 1 84 4.506433451278353 0.2420581142279108 8 80
104.404 77 17 20595 35698 108 0 117 249 1 0 0 61 125 0 114 13 1 1 0.8196760402416456 0.5716705088661143 0 168 84 30 36 199 366 6 26 0 72 4.1177582270684105 0.9617552752665367 5 80
98.402 86 9 17478 24528 40 1 51 594 0 0 0 41 113 1 41 45 1 1 0.586362780693419 0.7705756239932432 1 399 32 13 41 227 377 8 12 0 21 3.046457588664281 0.07775706955519857 6 80
146.789 4 20 19399 18322 118 0 22 157 0 1 0 14 62 1 114 120 0 0 0.5405869336155253 0.6815225656974125 0 229 86 10 26 279 259 3 48 0 65 1.5465251606357997 0.07577392446258813 2 80
127.410 62 15 24402 13777 84 1 99 592 1 0 1 90 51 1 56 102 1 1 0.7138646239732613 0.8176277407423848 1 258 87 1 22 434 283 10 7 0 91 2.5151380359490934 0.6062105366807807 7 80
102.039 33 19 24259 18567 26 1 108 762 1 1 0 46 102 0 123 97 1 1 0.6793995076714513 0.544905399385909 0 752 38 23 35 164 353 10 20 0 61 1.3271620539501514 0.16384249657819872 2 80
100.717 86 22 22986 28369 25 1 58 319 1 0 0 50 29 1 16 104 0 0 0.598131976114054 0.9162701160472135 0 210 13 3 14 177 366 3 41 1 47 4.404929902601971 0.006424635570523307 6 80
96.734 41 29 10337 10627 89 1 2 373 0 1 2 90 70 1 112 58 1 0 0.8301354135650729 0.8653565314232603 1 315 79 19 23 459 455 1 30 1 87 1.5242762004121673 0.8222843884480814 6 80
101.571 86 27 24641 24694 48 1 66 141 1 0 0 36 61 0 68 78 1 1 0.9254564797136255 0.9341474801838267 0 915 98 19 40 165 179 6 9 1 22 4.115946327276106 0.23592385995878684 4 80
100.088 55 30 24262 28175 4 0 122 768 0 0 1 107 115 1 45 67 1 1 0.7086809835455241 0.9991018952911859 0 730 111 24 28 281 465 7 20 0 79 1.892416020006166 0.37144389937772204 8 80
107.438 53 14 27945 20739 97 1 124 751 1 1 2 53 125 0 98 107 1 1 0.850046337049621 0.8995369594048293 1 553 78 16 35 180 398 2 12 0 44 3.3840857853383923 0.10210553625054486 8 80
94.941 93 25 30482 23822 2 1 100 527 0 0 2 67 21 1 116 13 0 0 0.6023592878762407 0.677899353884142 1 459 3 12 19 328 101 5 48 0 19 4.046530483723703 0.6031928573347269 1 80
90.438 22 27 27873 29280 11 1 14 217 1 0 2 37 109 1 46 17 1 1 0.8767407970437306 0.7159333819605898 1 669 11 27 29 390 432 9 30 0 17 3.2067374302082454 0.8000734397507194 5 80
247.396 19 27 27962 19747 88 1 54 330 1 0 2 96 72 0 8 10 0 1 0.9733783646306617 0.8002382349676103 1 471 107 1 13 145 89 10 30 0 37 1.0910153574314916 0.7994377614248339 6 80
82.764 23 20 24306 11118 57 1 43 534 0 0 1 79 85 0 94 119 1 0 0.6921711797896763 0.5463534009191118 0 397 9 10 28 363 319 8 15 0 46 1.4926727045505626 0.13864018889762275 5 80
94.711 31 27 14452 30264 77 0 60 406 0 1 0 25 35 0 120 42 1 1 0.5709120462322934 0.8888640348756321 1 404 76 16 27 209 39 7 18 0 15 2.465192505762808 0.3643897823639306 6 80
92.827 35 13 20351 5302 103 0 20 620 1 1 2 16 17 1 79 4 0 1 0.9317977386256784 0.6230610307042875 0 474 126 24 18 258 390 2 24 0 51 3.807164551650464 0.14446280732499694 7 80
99.099 31 2 19522 6488 29 1 7 125 0 0 2 53 116 0 13 72 1 0 0.5176968198068992 0.8742754029041446 0 319 104 3 34 258 219 8 5 0 14 2.308480566894181 0.07291107585231749 7 80
95.231 83 16 6087 32165 127 0 53 148 0 0 1 73 11 0 75 34 0 0 0.5970259067689494 0.7405165864201809 1 997 52 19 13 172 358 7 5 0 48 3.3407783024612154 0.9989378731430524 7 80
107.374 91 23 1389 10056 92 1 90 625 1 1 1 113 20 0 113 122 0 1 0.6063333224047265 0.756403432050798 0 532 126 14 40 477 418 1 19 1 26 2.7678297119883704 0.802000812956389 8 80
95.945 75 15 10785 22448 117 0 21 656 0 0 0 42 75 0 35 117 1 1 0.7067004830783714 0.7254458017482912 0 18 68 25 25 346 155 2 33 1 93 3.518085582698309 0.8891638528300668 3 80
98.014 44 21 35063 18250 24 1 17 476 1 0 2 101 6 0 81 2 0 1 0.9787763448310796 0.7718609460986066 1 171 62 28 10 450 495 7 47 0 47 3.1541627641626455 0.35667926772920977 1 80
88.392 89 5 26987 31753 126 0 2 163 0 1 0 19 20 1 66 5 0 1 0.8551007084383874 0.882375706081256 1 355 37 9 42 320 424 8 10 0 77 2.0241687041268777 0.5600419524899729 1 80
82.934 19 28 25956 5062 50 1 53 854 0 1 2 118 97 1 72 50 0 0 0.990362115932401 0.732623142349197 1 203 12 14 9 84 426 7 30 0 93 3.560817916600513 0.43303528113760215 6 80
102.538 32 22 36143 19000 126 1 30 607 0 0 2 87 37 0 119 32 1 0 0.8892712154500677 0.6108800398993213 1 948 63 3 44 360 368 9 49 1 22 2.8829976299815616 0.5192496312416643 5 80
92.365 39 13 12318 9804 38 1 31 267 0 1 1 47 88 0 13 107 0 0 0.6185814408960598 0.5429821751597645 0 53 97 14 22 216 267 4 19 0 72 2.575955442364797 0.8916953562668805 8 80
105.390 47 24 17827 1484 24 1 7 169 0 1 1 48 111 0 43 70 0 0 0.916137482111298 0.8115257159704194 1 783 117 2 30 320 443 5 30 0 14 4.318696074629118 0.07123269821561473 8 80
101.496 73 17 22187 13399 15 1 119 384 1 0 0 62 97 0 67 14 1 0 0.6408002067520084 0.6816180869827062 1 149 37 7 37 296 167 10 2 0 91 2.1821551858154606 0.5643281043976519 5 80
92.236 77 11 21354 20258 19 0 89 607 0 1 1 108 12 0 84 65 1 1 0.6647686808259836 0.6213287784030375 1 843 74 4 19 98 184 2 46 1 19 2.2526348720102884 0.8288835504998728 6 80
1309.466 1 21 17978 26646 108 1 95 414 0 1 0 56 19 0 63 108 0 1 0.8577451469754052 0.8869787591965996 0 391 55 3 9 367 460 10 24 1 98 3.8482978232639575 0.35240369497871804 4 80
104.216 88 14 11983 5438 127 1 92 467 1 1 0 20 127 0 26 126 1 0 0.9989105931040567 0.7579190067770436 1 90 107 15 28 153 123 6 10 0 42 1.3605141914266135 0.7366420099304133 6 80
101.738 51 28 13052 9356 35 0 11 926 1 1 1 60 114 0 115 36 1 0 0.5305498096715073 0.7216357410810277 1 941 86 26 43 232 102 1 24 1 23 1.4398424928926477 0.2291353089310153 4 80
89.655 34 15 20156 24568 70 1 102 615 1 0 2 47 84 0 62 47 0 0 0.898994121348092 0.9558587486261317 0 948 67 8 21 133 87 6 41 0 67 1.0490802261672703 0.9659733296111515 6 80
92.761 74 2 17137 29287 86 0 11 642 1 0 1 30 90 1 73 99 0 1 0.9702915524665494 0.8402364478966424 1 581 88 4 45 106 195 10 20 0 92 4.2229268351494476 0.5691134420817082 6 80
171.424 32 13 3321 25205 81 1 106 903 1 0 0 71 85 0 44 42 0 1 0.6000956165513786 0.9807586561323598 0 488 5 1 43 323 349 5 5 0 15 4.590650678498137 0.6512152501233842 4 80
87.741 40 29 35813 17901 86 1 84 712 0 1 2 90 81 1 105 31 0 0 0.6785539520991108 0.6052366127887561 0 38 106 8 27 152 137 10 49 1 12 4.2738457637659435 0.6591837516085501 5 80
92.135 28 18 28404 23941 87 1 60 606 1 0 2 37 53 1 50 105 1 1 0.7086584070653685 0.6790261263833949 0 520 13 5 36 98 316 7 21 0 79 3.8365324493425783 0.39197089228348203 5 80
100.268 86 18 2275 3748 15 0 36 446 0 1 0 69 65 1 67 85 0 1 0.655933105617052 0.8319206021378578 0 883 113 26 16 374 333 9 39 1 63 4.429379496470064 0.4112206861362957 6 80
101.219 70 13 35591 14842 127 0 47 801 1 1 1 41 49 0 19 113 1 0 0.7575937877113217 0.5083085409886243 0 859 50 8 15 396 249 4 11 0 58 2.837288051883927 0.4350138418371977 8 80
109.312 82 5 27211 5877 104 0 32 806 0 0 0 51 16 0 66 58 1 0 0.9303919614975644 0.9353628765021462 1 458 14 19 39 479 60 5 43 1 44 3.989483913273814 0.41063460749021685 5 80
98.602 54 28 11101 34547 75 0 108 642 0 0 1 121 36 1 34 100 1 0 0.9747960442895646 0.9945736852587058 1 446 69 5 18 498 78 2 17 0 49 3.436429978988698 0.7377394403560215 8 80
93.644 43 8 16439 32245 84 1 115 805 1 1 1 14 84 0 47 2 0 0 0.7346281096794851 0.5645814232101176 0 344 78 20 28 70 413 6 38 0 10 1.5632377362393894 0.1806977271345015 3 80
101.019 56 15 21245 3688 31 1 36 237 0 0 2 83 62 0 26 112 0 1 0.6865731722232121 0.5160029789893872 1 997 69 13 36 387 479 3 8 1 10 4.9166310741018115 0.7761040939326075 3 80
86.991 20 24 31561 29309 72 1 104 870 0 0 1 59 75 1 91 79 1 1 0.6723370452438633 0.5180908297372335 0 651 2 19 28 66 448 8 7 1 11 4.83375779069782 0.034036640293947706 5 80
81.178 14 23 29084 11778 51 1 86 716 1 0 2 56 109 1 96 15 0 1 0.8924619002229247 0.6042123961789394 1 363 30 21 13 126 427 8 46 0 77 2.61050324331935 0.27192869515994134 7 80
109.901 4 28 30445 9845 45 1 58 286 0 0 2 37 7 0 123 24 1 0 0.6252603189753523 0.7584228418873937 0 212 17 18 14 482 220 10 9 0 98 4.364215687886842 0.4977111448589462 3 80
82.405 22 23 28712 11722 29 1 111 768 0 1 1 107 107 1 106 51 1 0 0.7570884308614673 0.8371901487526014 1 55 78 8 43 110 56 5 33 0 79 3.0638706167028613 0.16940309495974293 6 80
105.188 100 21 30579 12999 102 1 31 126 1 0 2 22 57 0 77 90 1 1 0.5472526367335009 0.8831788005216212 0 859 24 20 30 274 79 6 35 1 19 3.004553396487052 0.746385086650333 2 80
96.375 56 12 15704 7241 61 1 113 679 1 1 1 106 117 0 65 36 0 0 0.7685494383298037 0.644919485108179 0 563 52 25 23 135 425 8 50 1 32 2.1137509054509604 0.6715179959864181 5 80
94.686 45 15 34614 29555 84 0 77 765 0 0 0 67 43 1 73 103 1 0 0.7417552904258903 0.7995708001390567 1 789 126 27 15 212 59 5 10 1 43 4.077527188237569 0.2442970842829375 8 80
100.987 74 4 34722 17763 116 1 55 842 0 0 0 82 41 1 118 44 1 0 0.6274469997238277 0.9649040278134807 1 310 96 9 9 109 288 7 27 1 32 3.38332355715167 0.9894609369301165 6 80
103.677 72 10 9992 7406 56 1 110 347 0 0 0 103 68 1 27 15 1 0 0.6931272380941702 0.8216863499238645 1 495 79 20 11 127 435 1 9 1 37 3.1226580925544907 0.07045863190402302 2 80
94.086 41 4 21358 32586 45 0 36 680 0 0 1 106 88 1 21 59 1 0 0.7171555953404514 0.8122635162520959 1 622 48 20 28 483 330 9 38 1 73 1.5673365944034487 0.7420972650413238 6 80
223.203 2 24 35387 34463 86 0 124 344 0 1 0 65 126 1 106 93 1 1 0.608278593888353 0.7934464881963494 0 866 70 13 45 378 405 2 31 0 56 2.953049995448167 0.9088827089712312 5 80
87.338 6 8 21558 9364 33 1 24 231 1 0 0 94 14 0 42 47 0 1 0.9165060903145721 0.7634066536720557 0 969 109 21 47 141 455 1 46 1 33 4.511587632721154 0.049185640287451426 7 80
470.909 8 7 16495 4826 102 1 42 909 1 1 1 75 127 0 40 114 1 0 0.5600903610365147 0.7488622205181532 0 640 57 1 12 107 436 4 20 0 18 3.074135119907631 0.8027463279783986 7 80
93.408 49 5 36638 5162 7 0 48 744 0 1 1 124 124 0 96 66 1 1 0.6991008138699774 0.7716018805491102 0 380 62 3 33 211 331 10 34 1 67 2.93497696843474 0.4914122407261623 7 80
81.486 7 15 16182 10788 63 0 121 527 0 0 2 78 2 1 59 68 1 0 0.8192678202593356 0.9828068011231981 1 53 38 23 46 470 108 6 39 1 46 3.7446571426648902 0.6579733394258404 3 80
96.680 12 15 31249 28282 114 0 7 751 1 1 2 61 113 0 52 75 0 1 0.7114229043276235 0.9785811309377737 1 571 54 7 8 114 169 8 23 1 23 1.5041696016711832 0.5615778753270506 1 80
86.905 32 9 16945 8735 124 0 128 318 1 1 1 67 27 0 18 41 1 1 0.9514819085964479 0.5270164550651639 0 495 28 13 23 151 361 8 34 0 86 4.630457843613343 0.654866934291239 8 80
225.749 1 3 6912 1943 21 1 109 193 0 1 1 32 75 0 31 113 1 0 0.8968171742805415 0.5894540673644424 0 584 77 24 27 499 446 2 47 0 90 3.0128046031267415 0.548908440519165 7 80
92.574 99 1 7254 23813 2 0 82 933 0 0 2 8 21 1 24 90 1 1 0.5629490015687731 0.844551670749068 0 230 127 4 38 426 474 4 28 1 25 4.168204211683031 0.0007456885366471377 5 80
100.812 42 28 32993 14099 92 0 88 469 0 0 0 62 86 0 60 26 0 0 0.6164242621677907 0.8279875712057403 0 235 25 22 19 402 234 1 31 0 40 2.643819909141369 0.5899837922650746 3 80
100.928 89 1 6252 20553 5 1 50 299 0 0 1 111 59 1 87 2 0 1 0.7288251481062378 0.9881241258367799 1 963 79 25 41 485 217 3 7 1 13 1.7818092196608464 0.07313824857041806 4 80
159.266 36 17 35875 20151 80 1 63 268 0 0 1 45 9 0 49 36 1 0 0.7169749730737272 0.791095232491811 0 735 77 1 15 235 488 2 43 0 10 1.4479495227882713 0.9549211050754063 8 80
94.503 44 18 11665 27548 44 0 65 533 1 1 0 39 71 1 37 37 0 1 0.8743994531584471 0.901661434486833 0 434 79 25 13 467 59 10 15 1 22 3.4029963398024696 0.3489720123680239 4 80
105.256 68 7 10841 33163 77 0 122 285 1 0 0 56 37 1 14 71 0 1 0.9195232897599984 0.9585982208278465 0 192 122 15 48 143 198 1 7 1 15 1.6239268446295099 0.7183335283996484 6 80
98.741 53 14 4783 19722 96 1 105 977 0 1 2 107 85 1 104 15 1 0 0.9301555782900928 0.9565058238918418 1 419 6 12 45 348 259 3 14 0 40 2.317282525669519 0.24768606864542697 8 80
97.488 90 10 3038 29828 31 0 73 577 1 1 0 37 107 0 66 21 0 0 0.5978007133935659 0.8709454395866973 0 745 9 24 20 437 222 4 49 1 52 2.747816489709001 0.9530122770328433 6 80
158.670 8 28 21198 17458 12 0 80 468 0 1 0 89 79 0 61 80 0 1 0.6510305584743488 0.6432552904864447 1 427 34 4 8 227 80 3 50 1 45 1.423305166001064 0.6647620047935738 2 80
84.858 23 9 30997 2780 7 1 54 210 0 1 2 56 84 0 20 78 1 0 0.8529922762773028 0.925195505494341 1 106 24 12 50 133 324 4 28 1 51 3.184010035736501 0.7982282599130553 1 80
104.727 71 18 15922 5720 85 1 29 412 0 1 1 99 94 1 108 22 0 0 0.57209580505413 0.5922276381477938 0 296 66 13 37 259 414 8 9 0 77 1.4010727541833177 0.5278357615390784 2 80
101.132 34 27 14181 25248 71 0 128 167 1 0 2 41 18 0 115 60 1 0 0.5882934312180584 0.875261836139108 0 957 36 3 33 289 159 9 21 1 79 4.58284380255489 0.8202834029402221 1 80
88.736 16 17 7146 5006 49 0 57 501 0 1 2 62 26 1 101 30 0 0 0.5436367042444752 0.7886699972947318 1 878 115 7 46 272 322 3 47 1 79 4.434376400659132 0.5693307345440123 3 80
104.079 31 2 22631 35468 42 1 27 864 1 1 0 106 45 0 83 77 1 1 0.9651489622287945 0.5830807246233298 0 935 40 4 27 235 131 1 25 1 90 4.379916010037041 0.9027110225489368 8 80
108.008 87 27 1584 24175 52 1 48 152 1 0 2 85 74 0 75 20 0 0 0.5664671517177347 0.9965152473018958 0 915 81 2 28 313 337 3 34 0 98 4.256196536207559 0.6255446513353828 1 80
106.244 7 2 8590 9056 82 1 120 465 0 1 1 6 66 1 98 29 1 1 0.6597431016043425 0.8965203584624504 1 321 125 9 9 482 413 4 41 0 15 2.7839980749128643 0.8645903704245218 1 80
182.688 9 28 5700 28811 53 1 37 214 1 0 2 3 5 0 72 70 0 0 0.5633903447989751 0.8129090621103245 1 876 39 3 42 91 473 10 38 1 43 3.6268242280732665 0.49551082249608025 3 80
93.896 79 3 27917 24282 37 0 63 886 1 1 2 48 71 0 38 123 0 0 0.6558666638059163 0.8266755545982349 0 273 114 14 32 130 135 3 13 0 64 4.000881883091909 0.5125451743761381 2 80
196.985 25 17 11020 3941 7 1 6 387 0 0 2 122 61 1 32 94 0 1 0.974895456525959 0.6675572276776223 1 963 46 1 43 86 90 7 48 0 74 1.5147304048453143 0.5406843670201271 4 80
97.513 80 3 5726 34291 12 1 76 648 0 0 2 108 82 0 34 108 0 0 0.6003164236406724 0.9246432077466005 0 275 55 11 10 58 91 1 34 1 71 1.7866766879008913 0.08810545872392894 2 80
93.634 25 14 30282 25410 59 1 72 486 1 1 0 123 89 1 74 88 1 1 0.6895951133216833 0.7599899708021556 0 623 76 5 13 61 291 8 27 0 35 4.758345158235871 0.12912872980057744 1 80
101.183 50 17 1617 34279 62 1 39 418 0 0 2 56 69 1 19 18 1 1 0.5670211635126476 0.5148887697217679 1 274 121 21 23 367 131 3 25 0 88 2.798958347293592 0.6654012445367149 5 80
222.336 1 7 26721 8156 57 1 53 224 0 1 1 50 52 0 15 108 1 0 0.6298239106340668 0.9819142513404445 0 856 97 26 19 388 337 6 33 1 77 4.528754669500294 0.11077292339732092 1 80
88.593 72 1 10050 26585 92 1 31 483 0 1 1 32 46 1 71 86 0 0 0.625058436167149 0.9425244414581571 0 393 66 6 48 130 93 1 42 0 30 4.65919874924275 0.07844534313009388 4 80
100.245 11 12 6647 33303 64 1 12 446 1 1 1 10 127 0 54 126 0 0 0.6666083043297695 0.7649039766869101 1 512 7 11 39 380 203 3 35 1 31 3.0415202939743184 0.9823646354474689 6 80
102.656 66 26 7771 36405 94 1 11 813 1 1 2 59 27 1 48 120 0 1 0.9858655591763111 0.5898315391673636 0 970 53 18 49 75 166 5 6 0 41 4.036608284683978 0.5888483094533865 5 80
135.049 24 23 33840 15756 103 1 99 469 0 0 2 102 94 0 126 64 0 0 0.7725440617348431 0.5289285190157158 0 477 27 2 42 276 189 4 30 0 50 1.3320980671184461 0.9541189521516472 5 80
95.745 40 15 34879 14420 59 1 38 659 1 1 2 117 104 0 16 69 0 0 0.6598867793329521 0.7591744562581193 1 609 42 24 10 185 59 10 15 1 97 1.5376661425444946 0.0801610816956867 5 80
99.255 88 2 33726 17509 108 0 85 442 1 1 2 43 118 0 61 98 1 1 0.7053303485637799 0.5342266648431991 0 446 61 30 18 382 166 6 45 1 63 2.5009751829094364 0.17468343760426497 3 80
95.406 48 27 7128 11072 114 0 52 545 1 1 0 22 25 1 19 126 1 0 0.9410420198845301 0.5931951831330763 1 334 9 30 19 295 134 2 14 0 59 4.938575851427364 0.5311205302514344 3 80
91.709 66 8 11219 30942 122 1 24 649 1 1 0 109 2 1 45 53 1 0 0.8823821407198772 0.7739534391054315 0 683 9 30 28 428 195 1 2 1 79 1.5702992500949762 0.026118948953347987 2 80
122.613 90 9 30072 1127 69 1 57 454 1 1 0 35 121 0 65 5 1 0 0.5471058312013826 0.9908405708264469 1 571 29 24 45 430 21 8 32 0 10 2.9306588990538462 0.6003175973217583 6 80
149.663 57 22 14852 24525 60 0 128 993 1 1 2 18 35 1 125 63 0 0 0.5541027429194483 0.9792721392775983 0 326 61 1 47 397 368 10 28 1 59 4.209526725524837 0.04592084066842095 1 80
77.004 10 27 1802 9928 99 0 62 967 0 1 2 94 126 0 79 84 1 1 0.5794055733399386 0.8199857966144897 1 731 59 22 42 461 84 9 44 0 81 1.9684254413752056 0.6409727073103187 8 80
102.102 51 9 15491 22208 50 1 122 786 1 0 0 2 80 0 32 43 0 0 0.6923597266521464 0.896594760235554 1 474 122 24 32 79 62 5 25 0 32 3.721529246717123 0.04912113126237405 5 80
151.193 2 25 19719 20550 41 1 79 424 1 1 2 94 108 1 109 85 0 0 0.7221065089008784 0.9967402827304097 1 651 11 21 31 342 218 8 33 0 62 3.447827376701434 0.6001408957873702 1 80
104.230 79 21 16715 8170 75 1 55 682 0 1 0 13 110 1 60 58 0 1 0.7760460348329663 0.6473092748241638 1 703 46 25 26 194 220 5 13 1 18 1.4938958824693764 0.986579788977255 7 80
102.001 90 24 10090 23039 28 1 12 625 1 0 2 57 12 1 30 50 0 0 0.6984496657784418 0.9153553121569311 0 816 86 18 49 55 133 2 24 1 96 1.3583286682044151 0.7294567100390377 8 80
100.129 72 12 19159 25450 41 1 40 197 0 0 1 34 112 0 123 95 1 0 0.5823627548497283 0.9392159762250311 0 561 55 24 45 81 168 4 16 0 10 3.1573675718967706 0.4568860404017856 6 80
99.160 8 10 8421 22165 87 1 86 281 1 0 2 85 45 1 24 56 0 0 0.8658235131862526 0.7776488318131842 1 780 123 10 28 108 85 2 24 0 27 2.102386095890648 0.1686281014658071 2 80
90.896 35 12 33454 19091 127 0 41 690 0 0 0 19 116 1 62 128 0 1 0.8995883099589441 0.8029838518088834 0 157 128 26 15 295 337 3 45 1 69 1.649643242040141 0.16691764902297168 3 80
101.150 93 14 16957 35848 76 1 122 492 0 0 0 92 40 0 100 43 0 1 0.7704703221948411 0.883859325049033 0 40 45 29 43 128 156 5 37 1 18 2.192630121201735 0.567423891373221 7 80
97.868 80 4 28751 32917 86 0 62 807 0 0 2 3 90 0 15 95 1 1 0.6288288075618739 0.971138988994936 0 82 114 12 19 79 139 3 25 0 53 2.3152620377754305 0.14377053530496875 4 80
86.834 34 23 31024 14090 99 1 81 513 0 1 1 82 24 0 75 14 0 0 0.9975704769313357 0.5586656670158858 1 974 54 7 40 296 94 6 18 0 69 3.840516466411781 0.3569303003143215 2 80
88.879 26 14 1662 30873 124 0 23 375 0 0 2 23 122 1 65 13 0 0 0.8017295761477794 0.8899439585589308 0 291 81 6 29 226 156 9 17 0 78 2.6046871990099905 0.25137265622813354 2 80
364.886 11 28 17445 28181 97 1 124 173 1 1 2 55 93 0 75 14 1 0 0.6222068230502784 0.503676065169101 1 796 113 1 16 220 424 2 32 0 55 4.453443945969424 0.13060087347462368 6 80
110.913 39 2 32511 1205 34 1 59 457 0 0 1 35 67 0 67 86 0 0 0.9329276552383072 0.8843937512842591 1 916 25 24 40 262 201 7 16 0 20 1.3381987676918468 0.8376972522518245 7 80
96.729 30 17 27286 36264 103 0 124 138 0 1 0 54 9 1 12 56 1 1 0.958063674904463 0.9423002710072125 1 690 23 8 12 60 167 8 17 0 44 1.3611730905964219 0.9138523270523489 1 80
103.123 67 29 13696 25396 108 1 86 274 1 0 0 54 117 0 17 94 1 1 0.8479006634028645 0.9749087740069867 0 613 23 22 39 425 60 9 48 0 34 2.8920895813367733 0.19536198021521478 6 80
94.206 70 23 33609 17614 113 0 81 861 0 1 0 100 16 0 29 128 1 1 0.8186461802659734 0.5447016963195497 1 667 68 3 10 344 26 8 2 1 53 1.1504352050312519 0.23839048187574574 7 80
102.520 21 3 14866 31230 53 1 57 917 1 1 0 83 3 1 97 91 0 1 0.7023510181902518 0.631361683142873 0 205 98 4 21 58 351 2 24 0 11 4.080304017069179 0.8952641838773787 4 80
107.415 38 5 20231 35062 109 1 68 207 0 1 1 25 6 0 54 97 0 1 0.7063632845147926 0.6877111574121154 1 589 83 27 36 375 437 4 50 1 44 4.226221968647597 0.9654661561650018 2 80
192.915 2 18 4939 33312 113 1 46 573 0 0 2 2 2 1 80 117 0 0 0.6257689083955381 0.5702343494453361 0 321 59 16 8 300 408 6 46 1 50 1.2760792425725516 0.5364126312041446 4 80
114.034 12 4 3011 15787 107 1 15 196 0 1 2 125 64 0 116 10 0 1 0.5838398721679707 0.5385262578555827 1 409 105 5 44 217 266 1 2 1 88 2.095286804518061 0.5677637494110958 8 80
89.042 42 16 12281 20872 40 1 7 129 0 1 2 126 62 1 63 48 0 1 0.5605450036525876 0.5541634911697151 0 709 96 5 18 459 83 4 12 1 15 2.092460145817903 0.6201694309881582 5 80
99.777 59 20 19772 19969 16 1 76 548 0 0 1 109 16 1 55 6 1 1 0.7821246537206358 0.9634112000452222 0 840 46 27 18 89 22 2 3 0 73 1.0426301743131043 0.012576519858129243 4 80
97.647 77 9 33352 26202 93 1 17 144 0 0 2 54 39 0 71 66 1 0 0.9443686067855261 0.7048097658693462 0 355 71 19 13 389 213 1 16 1 23 1.8981964327732581 0.02115831306051774 2 80
108.263 58 12 6791 8224 77 1 118 935 1 1 2 66 128 0 49 19 0 1 0.6070538430302577 0.7588256112157108 1 353 76 23 45 431 148 6 49 0 77 3.287268132949974 0.2951460375429247 6 80
224.661 2 3 32299 36601 25 0 87 210 1 0 0 45 107 1 91 44 1 0 0.980466228742567 0.764985030126943 0 393 93 13 11 170 115 8 10 0 96 2.29874839806818 0.7803946360600786 4 80
106.623 93 20 33642 8235 51 1 87 179 0 0 1 23 88 1 79 26 1 1 0.9961610984084881 0.5556866342048454 1 926 23 21 34 226 398 1 4 1 91 2.613357784242549 0.30600388039848936 5 80
88.169 32 13 22538 2585 41 1 44 608 0 1 1 41 124 0 46 73 1 0 0.7276382329011503 0.7811307521776345 0 224 113 8 42 476 163 1 20 1 43 1.8716799361968208 0.2507510909612273 1 80
92.849 5 23 14335 12971 32 0 126 118 1 0 0 43 75 0 11 8 0 0 0.676696573390014 0.9256329007811872 1 1000 89 20 30 196 137 6 33 0 62 1.5505425854651778 0.611384987786211 6 80
109.131 67 10 21592 18054 68 0 73 732 0 0 2 117 87 0 66 127 1 0 0.6482933818448122 0.6176349937200785 0 497 27 21 45 462 246 7 36 0 81 2.825851586597419 0.5285437900878828 2 80
96.603 36 16 18038 26510 91 1 24 313 1 1 2 45 128 0 39 76 1 1 0.7069908225002046 0.741157098016664 1 510 112 20 27 382 133 7 40 1 82 4.5319591290618755 0.2532660688883651 6 80
94.818 64 21 24535 13680 60 1 85 501 0 1 0 82 11 1 93 8 1 1 0.5146044108098706 0.6620335355149324 1 871 66 7 11 334 389 10 46 0 77 2.1435316031781526 0.6426150664769074 4 80
86.522 5 12 23459 21397 19 0 27 576 0 0 0 76 86 1 93 22 1 1 0.8967335279954451 0.8608690847704521 0 632 10 30 9 305 416 3 2 1 88 2.1777504753228434 0.23336396774084978 6 80
99.576 56 29 4072 17597 9 1 120 955 1 0 2 93 100 0 120 35 1 1 0.8631812787155982 0.8298941110946123 0 575 102 10 14 90 165 9 46 0 23 4.332898291606901 0.5953691538389226 3 80
92.814 61 28 5074 19204 55 1 22 629 1 1 0 43 20 1 100 8 0 1 0.5343761494255335 0.898086697572994 1 264 81 4 38 308 326 10 46 1 28 1.8812105162991797 0.2683774820643541 6 80
98.225 92 16 12990 27034 105 0 13 115 1 0 1 80 49 0 98 11 1 1 0.609221807279273 0.5586636179299598 1 411 108 28 21 302 170 7 42 0 31 1.8539257600621157 0.7060512281393536 3 80
86.648 18 4 5613 25190 63 1 126 510 1 1 1 80 124 1 117 96 0 0 0.8813682528745689 0.6392257398091479 1 629 106 8 39 127 232 8 13 0 82 3.5027104689139694 0.34897806975205925 7 80
250.270 6 22 2982 5833 99 1 45 345 1 0 2 2 22 1 78 108 1 0 0.801303721109043 0.6683273040194974 0 654 69 3 37 499 427 9 43 1 37 2.632087911856427 0.02770135950374253 4 80
87.506 26 4 28465 14103 27 1 6 745 1 1 2 91 125 0 8 69 1 0 0.5119290103606531 0.9353087970579188 0 839 127 12 28 305 233 6 49 0 61 2.989507106761815 0.2634251999439501 7 80
95.642 56 18 15655 18153 65 1 128 208 1 0 2 124 52 0 36 93 1 1 0.6535778286700975 0.6430797285178166 0 220 75 30 8 118 194 4 34 0 63 2.290772036626402 0.9744866850446325 8 80
94.871 51 30 21095 26493 72 1 11 399 0 0 0 33 126 1 78 30 1 0 0.5757230796420794 0.6230837580884523 1 163 12 15 11 497 484 5 11 1 56 2.1850928033631716 0.9661216827183247 7 80
100.716 42 16 10530 14831 6 1 69 534 0 0 0 88 18 1 13 100 0 0 0.752675353528405 0.6699585711257614 0 976 73 20 41 137 347 9 26 1 70 1.232626904560402 0.0837894466144169 7 80
91.214 26 24 25602 32685 36 1 3 677 1 0 2 23 86 1 67 93 0 0 0.759045353946165 0.8948175106605585 1 910 35 26 15 337 434 3 39 1 18 1.5344841287802544 0.957109855491546 8 80
87.106 22 4 10369 22909 118 0 45 732 0 1 0 6 55 1 101 24 0 1 0.7864924108899787 0.5350723404812585 1 555 45 26 29 103 147 5 24 0 25 4.858747175925183 0.7993167058589047 3 80
101.146 88 18 6353 24137 17 0 35 427 1 1 2 117 116 1 85 43 0 1 0.9675317244531024 0.6193835841967792 0 777 92 21 17 277 234 4 10 1 98 2.2562253249137223 0.30798613072387626 1 80
104.423 89 28 15586 10930 83 1 107 292 0 1 0 43 116 1 102 80 0 1 0.5142835406964057 0.9119608729077705 1 629 51 5 23 196 36 7 36 1 85 1.6891782948812128 0.6276629295972281 5 80
102.732 86 14 4246 16131 42 1 50 822 1 0 0 110 44 1 109 121 1 1 0.835515525588741 0.5448937293931522 1 304 2 28 26 209 202 5 49 1 62 2.71784510182533 0.19298870710158134 4 80
97.072 93 4 7054 31335 4 0 90 745 1 0 0 105 67 1 57 74 0 1 0.8427455438186626 0.9994255328360756 0 732 26 28 42 475 85 8 35 0 47 3.354699542470817 0.424766437727498 4 80
99.828 96 24 5729 4192 91 1 20 984 1 0 1 92 65 0 128 106 1 1 0.5734431627277943 0.6542611209155003 0 806 33 25 14 243 77 7 9 1 61 2.794650761222106 0.17121895168053558 7 80
375.173 6 26 1368 33261 114 1 103 679 1 0 0 98 44 1 121 71 1 0 0.8485781201491182 0.5282000681887662 1 776 40 2 30 184 266 9 9 1 28 3.5785190316642366 0.9120008963227852 6 80
100.612 64 29 10390 33336 69 1 90 997 1 1 2 19 50 1 84 104 1 1 0.8315676549630429 0.6585229498529523 1 607 97 10 25 76 437 10 46 1 67 3.841212925101007 0.28300657736344903 2 80
100.494 80 13 33706 22117 53 1 20 771 0 1 1 43 57 1 49 108 1 1 0.5032850999582388 0.6936846955056778 1 180 19 19 19 455 241 6 17 0 48 1.5242144777053679 0.49796759617845565 6 80
98.535 4 23 19638 32799 36 0 41 744 1 1 1 96 108 0 37 31 1 0 0.7203781137393184 0.6765618981193067 1 20 8 26 23 339 259 1 32 1 28 3.947535727049464 0.6178486550584921 8 80
86.677 20 15 33981 8140 35 0 64 821 0 0 0 110 107 0 87 128 1 1 0.5264438679509595 0.6636140131384041 0 327 114 25 39 373 237 2 43 0 87 2.502781116500543 0.833490541424021 7 80
100.127 91 8 11647 30070 45 0 101 355 1 1 0 52 40 0 96 128 1 1 0.7741328254255742 0.8547278746794635 0 15 39 20 20 133 291 1 33 1 99 3.698207072315058 0.7291919935324078 8 80
99.705 50 16 3598 6187 83 1 66 198 0 0 1 109 128 1 71 13 1 0 0.710494069676993 0.8614982472686796 0 385 22 17 23 119 47 6 12 0 20 4.126438409825758 0.7683476802664991 1 80
93.259 54 3 19807 30311 34 1 50 958 0 1 2 120 126 1 127 19 0 1 0.7461191716453215 0.8800566269590555 1 980 40 14 19 232 151 10 40 0 43 2.9771556047692185 0.30279263523443467 8 80
108.150 89 8 31210 17056 86 1 63 696 1 0 0 22 91 0 79 18 1 1 0.6548875873921101 0.5312392016807068 1 610 15 12 49 187 107 1 19 0 55 4.149411609294481 0.905476592226133 5 80
96.038 98 2 1312 31778 73 0 109 603 0 1 0 4 94 1 8 14 1 1 0.9386465312933283 0.6493351462817293 1 846 92 24 47 123 424 10 21 0 56 2.1405342931904126 0.13837532819185905 2 80
88.156 39 27 8707 12417 9 0 35 219 0 0 0 103 93 0 115 118 1 0 0.5654509087775734 0.7992858098299178 0 215 7 7 48 183 147 5 21 1 53 3.433650300392433 0.31962303112536516 4 80
391.950 1 29 12860 35658 31 0 92 599 1 1 0 106 106 1 42 87 0 0 0.7694575878983607 0.6376743307729104 0 888 33 14 40 453 29 6 2 1 95 4.082860940637674 0.8683881638703563 6 80
93.860 16 23 16038 35407 24 1 41 905 0 0 2 16 41 0 61 37 0 0 0.661680458816029 0.9948174592600261 0 222 61 13 13 237 62 8 16 0 67 3.57971106936026 0.9429059727983248 1 80
94.411 93 10 3900 24472 116 1 104 955 0 1 0 12 11 0 52 39 0 0 0.7228628890294913 0.9038038786850846 1 613 93 9 43 486 256 8 41 0 75 1.288927382314979 0.17719365361013106 1 80
93.260 54 20 19568 25321 101 0 58 775 0 0 0 64 6 0 72 50 0 1 0.9067856551107156 0.9570909973435882 0 303 126 4 21 403 132 3 31 1 14 1.7833504186209725 0.5749049421389852 5 80
92.476 35 15 9135 10845 41 1 17 529 0 1 0 112 96 1 86 37 0 1 0.5758381476629938 0.7529860997267865 1 715 45 15 42 432 453 7 32 0 37 4.794761151028493 0.04976133352822043 8 80
114.510 95 8 25748 7470 47 1 128 119 0 0 1 43 39 1 59 100 0 0 0.7972718832084729 0.562478932672168 0 175 108 28 40 271 334 3 48 1 62 3.7576339449935463 0.29144454751636484 5 80
91.908 30 3 27298 11261 47 0 80 666 0 1 1 40 71 1 61 85 0 1 0.5799710122428997 0.8148120233420817 1 761 40 22 44 392 454 1 45 1 69 4.221124504248239 0.07197027634246178 4 80
90.116 25 15 12576 31698 20 1 127 244 0 1 0 57 58 1 89 54 1 0 0.7597331662109275 0.6024527891613023 0 955 112 22 15 338 76 1 16 0 90 1.7091765958311549 0.6557166075775734 3 80
89.181 56 14 8630 32660 108 0 49 554 1 1 2 128 95 0 25 124 0 1 0.7413007187855268 0.5971840450384922 1 461 115 8 44 429 36 10 2 1 84 3.274812101325151 0.8963618247842812 3 80
96.949 69 19 29365 23928 124 1 62 904 1 0 1 25 45 0 79 97 1 1 0.8127058914086246 0.7017459699031847 1 452 105 3 50 408 66 4 44 0 53 3.450097614882978 0.39840160238070665 3 80
98.841 65 9 24404 2270 78 0 112 993 0 0 2 123 69 1 10 48 1 0 0.5966622042301861 0.6734683327555055 0 700 6 15 27 277 445 1 39 1 13 4.743603944597613 0.30236550156667785 5 80
80.939 6 11 27720 3415 121 0 74 823 0 0 0 49 44 1 115 121 1 1 0.7675418378953702 0.7651734584716996 0 81 2 26 19 363 102 1 13 0 29 1.0803181419493346 0.6191211812196443 1 80
104.336 92 26 36634 12989 47 0 92 560 0 1 1 65 71 1 76 80 0 0 0.6715918269568981 0.659458743067112 0 535 33 5 37 357 413 6 43 0 94 1.797049477129642 0.40108605071590897 5 80
104.568 65 5 25803 31435 73 1 30 982 0 0 1 113 18 0 61 31 1 1 0.8805127055658204 0.7726763922966771 1 320 47 3 42 203 285 5 38 1 99 4.427532209007056 0.7486799702328767 1 80
99.683 94 5 34032 29471 42 0 41 326 0 0 2 12 49 0 67 71 1 1 0.6607926614163855 0.6941007303858613 1 398 20 3 44 267 73 3 33 0 73 2.9761790665131613 0.5833641617824169 7 80
136.208 22 17 20536 4820 47 0 38 608 0 1 2 36 71 1 38 46 1 1 0.6554326633294152 0.7547038521576399 1 45 20 2 27 71 227 8 29 1 29 1.9071940604339748 0.6742058715737165 7 80
77.954 11 13 13328 10194 102 0 48 169 0 1 2 81 67 1 80 114 1 1 0.9826697464224712 0.9623274867121256 0 426 118 18 16 281 312 9 10 0 37 4.244185458806035 0.7132786717507175 4 80
102.072 64 8 31470 9800 110 1 88 420 1 1 1 126 7 0 65 28 0 0 0.9012555314386248 0.8647166577698309 0 507 118 13 30 361 170 9 11 1 97 1.6836479668175954 0.07079771406920665 3 80
97.729 31 10 23137 34526 126 0 127 783 0 1 1 52 77 0 25 101 0 1 0.7328635760315458 0.6017931286593461 0 389 107 10 9 222 93 7 39 0 66 2.6505806130252028 0.0812338195211244 2 80
99.646 52 2 32069 36248 110 0 72 252 1 1 0 31 101 0 10 126 0 0 0.6802603653857604 0.7899047380861102 0 535 104 7 46 427 263 2 22 1 15 2.7253949250490663 0.6694887876475529 4 80
101.202 75 19 24151 34793 105 1 5 589 1 0 0 128 111 0 17 47 0 0 0.9754923255292364 0.7939974057405346 1 475 75 19 40 120 448 7 39 0 18 3.2124612783256388 0.09937926252581142 1 80
100.448 70 8 35394 35974 16 0 2 977 0 1 1 62 48 0 79 118 0 1 0.6691114921719507 0.970237423804934 0 359 25 12 30 138 189 9 44 1 12 4.257892178331877 0.9356444706697701 8 80
88.323 27 17 5399 7396 123 1 123 487 0 0 0 82 29 1 9 41 0 0 0.755148452463392 0.6408365359123935 0 774 46 5 12 265 97 8 35 1 43 2.7865386101180736 0.8471794272239297 8 80
79.301 9 19 33045 27975 125 1 48 451 0 1 2 67 17 1 8 117 1 1 0.7489777632934409 0.7757944612162044 1 269 42 24 22 431 132 4 33 1 79 1.0111207668368976 0.40532023066791667 7 80
83.236 19 15 25670 25798 45 0 77 806 1 0 2 55 17 0 27 24 0 0 0.9506766132067136 0.716514413978328 0 783 93 10 33 79 472 9 6 0 81 2.511469985207111 0.5264809368088252 6 80
99.478 86 29 15309 9279 106 0 108 941 1 0 1 81 89 0 77 59 0 1 0.8649436466627871 0.6516581481926204 1 721 85 30 8 68 190 8 3 0 97 1.049891534124805 0.6415373334232622 1 80
102.204 67 19 5142 15804 67 1 6 841 0 1 0 95 11 1 54 37 0 1 0.5859128414887732 0.9724496452548281 1 236 79 27 30 117 487 5 35 0 65 2.2039774232649036 0.9087924841648949 2 80
101.094 55 29 8663 6464 105 0 77 730 0 0 1 53 121 0 106 11 1 1 0.9781219966726047 0.927459796365903 0 930 19 22 32 358 308 7 22 1 94 1.2285428530058953 0.9236241645524773 4 80
98.496 57 1 12025 2066 98 1 82 705 0 1 2 84 44 1 19 61 1 1 0.6461683594198316 0.7456485739262846 0 661 30 11 30 459 246 4 14 0 62 2.2049590415385505 0.244259021997987 7 80
81.528 15 7 27222 10035 44 0 93 506 0 1 2 18 116 1 104 48 0 0 0.5385112236141842 0.9482289203762887 0 571 72 19 23 408 480 10 5 1 43 4.604363536421102 0.2890404823246172 7 80
100.459 62 26 35825 33824 17 1 25 113 1 1 1 18 60 0 61 73 1 1 0.6568589181961013 0.9458934066649374 1 183 116 15 41 394 278 10 43 0 75 2.473230571898023 0.47860574183474247 8 80
106.841 81 19 30937 7200 21 1 33 633 0 0 0 100 55 0 23 80 1 1 0.7147985945769171 0.6442537427096657 0 772 110 23 36 217 308 6 9 0 67 2.6258473877497033 0.5496380278726042 4 80
93.840 70 28 32242 8031 73 0 121 354 0 1 2 17 8 1 72 16 1 1 0.9023241342343958 0.882265753897149 1 542 17 5 11 226 205 8 19 1 43 2.2264681043511363 0.7720758380842361 5 80
99.416 82 23 21502 36070 27 0 69 842 1 0 2 17 85 0 58 99 1 1 0.8138819995374701 0.6226919143441811 1 488 121 18 27 488 317 3 26 1 11 3.826021929576911 0.812830457017781 4 80
90.738 15 6 5338 24519 83 0 27 741 0 0 0 35 117 1 118 122 1 0 0.7079549102687519 0.5310593611193668 1 165 61 7 40 403 179 9 36 1 16 1.4279636878794668 0.29220699146436335 1 80
98.824 62 23 5075 25999 21 1 95 623 0 0 0 14 27 1 116 58 0 0 0.942278312081452 0.9123900232240401 0 257 91 3 40 171 431 7 29 1 63 2.709626602642978 0.749569847207279 3 80
91.248 62 25 7099 28734 7 1 59 563 0 1 2 11 75 1 83 89 0 0 0.7751289868872547 0.5981018084610379 1 695 43 9 35 437 219 9 21 1 55 1.4121064591817865 0.404730530994999 3 80
105.707 30 3 34891 33389 71 0 2 896 1 0 2 39 113 0 30 85 0 1 0.8756827936742574 0.5760351157817735 1 208 17 24 25 72 433 5 46 1 94 3.207158133624859 0.07007839559307782 3 80
105.047 97 24 14175 36713 96 0 105 226 0 0 2 37 70 1 92 109 0 0 0.8321974545691125 0.5514053656442325 0 386 57 22 20 381 26 1 5 0 40 4.941685625167958 0.8508085182341135 5 80
103.777 62 30 13072 1396 39 1 75 332 1 0 0 86 18 0 109 59 1 0 0.7720913629580801 0.8311935809722503 0 213 44 28 12 285 320 1 18 0 85 4.7597042599825246 0.48651765143562586 6 80
78.900 9 25 30560 6604 97 0 75 221 1 1 2 33 113 1 58 50 0 1 0.5638738134068113 0.728620270302432 1 916 22 17 50 67 498 7 14 0 54 1.5030068838311896 0.15331564593172775 3 80
94.027 82 29 30773 24852 61 1 32 776 0 1 2 63 93 0 18 37 1 1 0.9078433554450036 0.534472546276589 1 43 110 11 40 136 429 1 21 1 100 4.718656783485896 0.31092190582539947 5 80
89.980 50 1 1443 30186 101 1 84 409 1 0 2 17 110 0 52 107 0 0 0.5712216198568727 0.9495463311352431 0 798 109 7 45 377 37 10 25 1 40 3.493808672822171 0.09896867116199326 8 80
84.846 18 1 23201 14608 108 0 52 905 1 1 1 31 109 0 74 93 0 1 0.6918959284787285 0.9507796010063653 1 775 13 16 35 245 376 6 40 0 82 2.8559864206433487 0.07886003256395413 3 80
107.910 91 7 19393 11535 63 0 121 615 0 1 2 110 83 1 114 41 1 1 0.7111414966405483 0.7726928779962203 0 742 48 20 35 269 288 10 4 0 86 4.060399430860583 0.006112188784230033 3 80
102.963 91 30 25655 34547 113 1 70 693 0 0 1 53 106 0 99 79 0 1 0.6703602425725597 0.747940700355086 0 33 71 22 31 406 146 5 17 1 34 1.3926838926217169 0.54354937392996 6 80
99.096 46 18 21319 27138 78 0 103 294 0 0 0 90 42 0 52 120 1 1 0.50415877769423 0.9415978935573974 0 606 95 25 33 274 312 3 3 0 34 1.2441841953326596 0.7706378667477074 1 80
96.680 68 7 4558 5930 72 0 121 958 0 0 2 84 45 1 93 48 0 1 0.8678694953536601 0.8979476839014953 0 523 72 7 41 150 380 4 10 0 65 1.7085790226621818 0.8707353893847399 5 80
104.898 65 11 29033 34636 11 1 81 820 0 1 1 110 64 0 67 85 0 1 0.9307770391115213 0.5129505761328657 1 458 109 30 43 221 190 6 10 1 23 2.7600563863283596 0.2647043018504155 4 80
408.086 5 7 18023 20000 117 1 114 489 0 0 0 61 31 0 50 97 1 1 0.8120658471374398 0.6137116409097234 1 263 57 2 13 66 466 1 26 0 33 3.946302237268497 0.49172115645402326 7 80
107.702 100 1 19303 12500 111 1 97 247 0 0 2 43 60 0 105 8 1 0 0.5435894161056952 0.6240876672593136 0 641 12 11 18 299 136 5 30 0 15 4.311494671373501 0.648434062869872 1 80
101.108 60 22 10470 9662 29 1 104 715 0 1 2 14 11 1 14 88 0 0 0.8037678153295365 0.6589998343055657 1 219 10 19 31 458 43 7 25 1 15 2.495770856830066 0.0369926197105197 8 80
90.051 5 18 8036 24482 87 1 113 386 0 0 1 70 97 1 126 68 1 0 0.9158295501244704 0.7593537509269326 0 586 30 25 30 125 385 8 14 1 89 3.3467928445918864 0.2309595422818178 4 80
88.901 24 24 25835 28152 12 1 27 345 0 0 1 4 25 0 12 12 0 1 0.5576088601304754 0.9023974368515794 0 391 90 14 13 358 273 5 17 1 28 3.3893973469450662 0.9164099624897678 6 80
104.800 100 20 17175 18271 121 1 125 854 0 0 0 9 59 0 41 55 0 0 0.5792328902618178 0.7584309735481405 1 309 69 16 43 169 324 10 41 1 43 3.4366130791028766 0.173236704878444 3 80
103.098 58 27 3180 35929 23 0 69 704 0 0 0 68 44 0 120 18 1 1 0.6261602443106407 0.5738913599240425 0 309 118 22 42 406 330 9 26 1 15 3.115890799816373 0.3211141321868436 7 80
124.937 66 9 20469 10016 93 0 55 844 0 1 2 70 113 0 39 87 0 1 0.8329488090561035 0.7192971995962507 1 669 3 1 39 177 374 7 38 1 33 1.217534801476345 0.8682293393476943 6 80
102.484 50 25 8598 13274 60 0 29 566 1 0 2 87 106 1 67 98 1 0 0.8450143956311686 0.6300604569725274 1 839 9 28 49 169 388 3 9 1 66 1.39261443828777 0.982548611661681 8 80
198.892 8 4 23359 18552 27 1 10 970 1 0 1 14 117 0 58 99 1 1 0.5074266258705991 0.7176760132746562 0 110 4 3 25 213 119 6 42 1 51 4.045924404840278 0.8422812211056641 8 80
92.285 48 25 13619 16350 11 0 6 218 0 1 2 24 19 1 42 26 0 0 0.7119448928573342 0.7727263470425569 1 503 13 10 23 317 434 5 2 0 66 4.105732268742692 0.5333260123924743 6 80
108.663 75 14 33388 33180 105 1 74 603 0 0 2 48 93 0 64 122 1 0 0.5797627503227512 0.9984633184394964 0 858 107 21 10 313 276 6 26 1 54 4.041391875153538 0.6897091046310581 7 80
327.473 12 18 35128 10705 99 0 115 945 1 1 0 52 48 1 118 107 0 1 0.9755937620592108 0.7260776712778634 0 707 40 1 36 212 356 3 20 1 33 4.898430991407879 0.92969636248867 4 80
153.043 2 16 1228 36676 109 1 39 736 0 1 1 107 111 0 18 5 1 0 0.8721697073295517 0.809602205327991 1 103 16 24 36 145 200 6 24 1 16 1.419631474104036 0.48399763461150747 3 80
95.871 66 6 32705 22798 26 1 104 240 1 1 1 114 17 0 22 73 0 1 0.858527476244572 0.8887646141661356 1 320 36 14 34 263 107 9 23 0 24 3.759462262729713 0.5653733089416269 2 80
324.570 2 22 10657 19794 51 1 59 606 0 0 2 101 52 0 122 15 1 0 0.5516525380527603 0.696764470219689 0 915 109 7 45 441 358 5 7 0 28 3.259008326752706 0.034368447906641286 3 80
90.734 28 2 31497 10845 120 0 30 112 1 0 2 41 112 1 115 14 1 0 0.7248643646543473 0.7643831063383437 1 280 110 18 14 281 317 4 44 1 35 1.5534149001021254 0.31821707096519913 1 80
102.352 74 8 26522 34969 29 0 84 438 1 0 1 112 21 0 47 90 1 1 0.519909853721376 0.5060592649526212 0 953 109 27 40 202 70 2 25 1 67 2.3703266148625635 0.10050757422280387 8 80
111.272 97 8 11121 2853 6 1 86 525 1 0 0 34 37 0 113 110 1 0 0.6765661617102019 0.7279783183796164 1 166 72 15 34 437 177 10 11 1 74 4.950088984851198 0.6944873209659772 4 80
102.653 53 24 9426 16265 89 1 33 126 0 1 1 93 107 0 14 126 0 0 0.8570617046898562 0.5920501634886743 0 722 127 23 21 117 423 1 24 0 87 3.0911129643127007 0.6286473139930426 5 80
119.404 98 27 27350 5619 111 0 106 167 0 1 0 39 39 0 48 70 0 1 0.9136166076854642 0.602405048410163 1 526 10 1 12 308 459 4 31 1 10 2.5621149615793866 0.3479252952463523 1 80
97.959 32 19 26543 12376 109 0 19 648 1 0 2 21 91 1 86 72 1 1 0.8998018368442228 0.5243848983180659 1 732 95 25 43 133 425 7 50 0 32 1.5740633763345007 0.28049772708032106 4 80
102.495 92 18 11321 16235 101 1 35 836 1 0 2 119 26 0 126 23 1 0 0.5059975128481515 0.8365269590565021 1 480 85 2 21 422 92 5 29 1 56 1.0587907801460377 0.24830661812639232 1 80
87.992 62 29 8595 31135 48 0 119 734 1 1 2 16 87 0 47 120 1 0 0.7128732040398036 0.5826868191172712 1 634 73 6 9 280 478 5 4 1 77 4.483898389235366 0.29200789833434737 5 80
89.220 18 14 29618 3662 47 0 52 822 1 1 2 64 68 0 102 109 1 0 0.9713202902864897 0.5297887674298459 0 705 79 30 32 152 32 4 16 0 49 1.9343664817839201 0.31627334235160476 4 80
88.233 39 19 22856 19700 32 0 49 452 0 1 1 48 116 0 80 21 0 1 0.7027841647495856 0.9735685346713863 0 409 111 5 15 114 452 1 36 0 66 1.0819959343124084 0.2377573871350387 5 80
91.048 46 1 13359 15296 70 0 49 653 1 1 1 95 98 1 96 98 1 1 0.9866636591521807 0.5120290352125145 1 129 17 6 22 141 228 3 13 1 10 4.935617911896843 0.2469241941991147 1 80
98.707 60 16 15935 17730 11 0 106 938 0 1 2 65 40 0 78 91 0 1 0.8347711603610065 0.9708743197964663 1 929 24 8 47 149 105 10 5 0 70 2.0266814265269306 0.5889191667769902 2 80
99.930 66 7 24284 12191 122 1 86 246 1 1 1 27 91 0 40 43 0 0 0.8351208942049121 0.63413344664769 1 709 100 7 21 124 268 6 18 1 55 1.0615548234854844 0.1351576166745101 7 80
101.030 99 20 29580 15645 59 1 47 506 0 0 0 121 64 0 101 34 1 0 0.7662982388671913 0.9562346730042119 1 355 25 9 14 147 200 9 34 1 78 4.092313658960722 0.671799021183833 8 80
225.896 10 25 8360 5058 5 0 81 675 1 1 2 75 121 0 51 84 1 1 0.6532741328338127 0.8186730095032098 1 92 92 2 14 421 456 4 8 1 31 4.841358646454207 0.9546471801998058 7 80
91.307 85 23 32933 23571 4 1 68 713 0 1 1 11 84 1 91 113 0 1 0.6099495892579863 0.7095927628252932 1 880 59 8 10 51 52 4 9 1 19 4.546392133678484 0.6402516884580797 2 80
99.493 32 28 31928 6878 106 1 93 214 1 0 1 99 44 0 39 48 1 0 0.6070207422955175 0.7910360433964228 1 613 48 3 11 292 298 9 25 0 92 4.6684795346611025 0.792529862624182 3 80
95.397 33 7 22483 16285 114 0 84 755 1 1 2 92 67 0 40 91 0 1 0.7164947385093257 0.7093709917616805 1 434 83 19 14 266 476 5 28 1 33 1.0581481238245112 0.07191050445577918 2 80
87.669 21 11 9143 15798 24 0 31 318 0 1 0 56 77 1 57 120 0 0 0.526231829546286 0.5889816834339775 1 673 99 29 43 462 177 3 26 0 52 3.8173086706770816 0.2736922005026371 8 80
85.724 20 3 30075 9905 119 0 35 271 0 1 1 52 116 0 106 100 1 0 0.9457652267661676 0.5197517948297694 1 501 122 21 47 351 90 3 29 0 30 2.8812376178241754 0.5598876782546052 7 80
86.925 24 8 27500 8594 68 1 106 835 1 1 2 104 14 1 80 125 0 0 0.6935033121351214 0.7329268558245574 1 665 81 20 14 340 392 2 2 0 78 1.4660714803217103 0.8798031077111301 6 80
101.934 94 6 6412 7005 118 0 21 626 1 0 0 35 104 1 44 75 0 0 0.9663301873185546 0.8266896926643313 1 255 98 4 9 431 112 5 23 0 56 2.953652501574822 0.9846788796921703 8 80
317.285 1 9 35718 4864 9 1 115 861 1 1 0 123 24 1 97 114 1 0 0.8156908492943098 0.9440050697449749 0 563 108 15 18 280 351 9 18 1 95 3.422651440551516 0.23412712960390336 5 80
91.426 21 3 25902 8154 30 0 47 408 0 0 2 80 62 0 30 52 1 0 0.7725432948475777 0.9269196561756785 1 170 96 5 30 484 453 3 26 1 27 2.279693494990397 0.33687190225232977 2 80
109.005 88 24 36735 11778 50 0 61 677 1 1 0 77 104 1 57 96 1 0 0.5131137418206575 0.8858887440993983 1 457 99 10 16 367 147 2 23 0 99 4.377013966587296 0.468597961306639 8 80
100.417 90 29 15944 34060 56 0 30 739 1 1 1 50 113 1 85 2 0 1 0.7895789411232974 0.569608724776551 0 824 95 17 23 388 192 3 42 1 88 1.5600512444132724 0.35674087643538077 6 80
99.498 48 2 1825 26095 76 0 120 365 1 0 2 38 59 1 108 101 0 1 0.6161256699355874 0.8968901766417989 0 114 59 20 41 170 251 10 12 0 55 1.997548915268788 0.9049172249036435 6 80
105.161 70 16 35749 2683 26 0 125 153 1 1 0 29 100 1 45 16 1 1 0.6562653059920815 0.898596743299936 1 590 5 20 20 302 282 8 16 0 86 4.2967137506859965 0.1658565198904023 7 80
89.256 14 29 13408 2064 75 1 20 302 0 0 0 49 86 1 127 19 0 0 0.80528609138214 0.9135832382435649 0 810 45 8 9 167 334 5 8 1 75 2.37890075592504 0.7826439943766619 3 80
99.001 63 20 8882 13727 58 1 8 136 0 1 2 14 45 0 24 30 1 0 0.6930200269322414 0.6740725288389536 0 195 55 10 42 377 341 3 11 1 94 2.7795148413873374 0.8244991364794901 2 80
105.496 84 8 9842 19732 97 1 30 554 1 0 1 50 113 1 43 89 0 0 0.7543320955933537 0.5400303994407956 0 121 90 23 43 476 460 5 13 1 53 2.9337035257278776 0.668947394928012 6 80
104.688 53 28 28287 15669 126 1 89 772 0 1 2 20 70 1 62 5 0 0 0.636338758440757 0.5601595632278693 1 896 53 14 49 120 470 4 39 0 25 4.144827447689175 0.8428237525640672 6 80
104.862 75 20 21926 32839 116 0 82 259 1 0 1 39 10 0 128 61 1 1 0.6584929427790249 0.9046182364812272 0 518 28 29 10 473 392 8 11 1 47 3.1374766466882433 0.7829450768919778 5 80
80.381 12 15 24247 7582 109 0 82 407 0 0 0 120 82 1 76 104 0 0 0.6388159798046316 0.762565237046348 1 171 71 22 37 126 407 6 10 0 87 1.0829317875020914 0.1890598320677992 7 80
104.082 60 10 33417 4903 67 1 113 491 1 1 1 67 3 1 9 115 0 1 0.7511072364327801 0.729180988044222 1 336 4 22 39 123 426 8 34 0 75 3.296171818706911 0.1726224949989772 2 80
104.227 69 6 35150 10115 11 1 27 516 1 1 0 57 94 1 31 74 1 1 0.7773696406854426 0.9084081876938755 1 283 96 21 17 289 381 10 47 1 64 2.4195108048552885 0.2754508326346531 2 80
79.077 8 22 32050 2794 45 1 23 463 1 1 2 22 55 0 113 97 1 1 0.6286761206646873 0.6504487303600316 1 354 102 30 39 181 160 7 24 0 31 1.6169884659225828 0.3968125872722901 7 80
240.786 1 1 24340 12129 98 1 90 225 1 1 1 32 34 1 17 94 1 1 0.5798475008236965 0.7170473693499093 0 568 127 22 28 183 128 4 39 1 21 1.1635712968896113 0.2556102028116298 5 80
105.047 68 9 27788 2381 104 0 123 462 0 0 2 18 77 1 64 121 0 0 0.9665412120580803 0.9526615955336144 0 681 74 11 16 92 321 6 31 0 80 4.382576141246117 0.9929184819381006 1 80
100.320 26 5 12861 34719 21 0 90 517 0 0 0 120 2 0 124 83 1 0 0.7478513735406644 0.7228063875091533 0 842 23 29 11 298 208 9 6 0 74 3.354295978891478 0.21647005644347006 2 80
90.756 25 8 2399 21337 25 1 72 385 0 0 2 79 103 0 86 120 1 1 0.8736065601864034 0.6557405203148157 1 565 9 29 22 70 109 5 39 1 61 1.9149372995156244 0.3003058983634449 5 80
171.292 5 27 25386 19759 88 1 84 697 0 0 2 116 68 1 58 101 0 1 0.8646371255467927 0.8919726799660943 1 10 15 6 45 339 434 3 22 1 67 3.9522035138513236 0.05513207362733097 7 80
99.638 41 22 34999 10033 69 1 117 725 1 0 0 74 71 0 89 84 0 1 0.976885529411111 0.582955020346521 1 913 64 24 35 209 372 2 18 0 32 3.3616261250149115 0.880414409026464 8 80
90.514 28 17 28054 22524 12 1 76 268 1 1 0 127 128 0 88 81 1 1 0.7573523092874976 0.7972323233885873 1 677 29 16 24 265 145 10 33 1 92 4.362739540067045 0.09513292276365304 6 80
111.392 91 8 32268 9913 36 0 123 945 0 1 2 95 15 0 100 55 1 0 0.9858178328814775 0.9164089541129158 0 975 58 21 48 489 204 9 28 1 74 1.6864408007319538 0.9050394196839417 8 80
97.371 41 20 34709 3736 44 0 65 146 0 0 0 49 127 0 127 3 0 0 0.623570018988119 0.5752487756896707 0 199 73 18 26 240 174 3 36 0 32 4.457714604947981 0.5948414991617659 3 80
105.455 48 25 36438 35243 4 1 56 211 1 1 0 37 43 0 67 85 1 0 0.9005004966334492 0.7440585996775029 0 52 36 20 27 273 444 5 45 0 97 3.644696949601206 0.6459498683158807 1 80
101.169 91 25 10321 18937 99 1 66 549 0 1 1 37 10 0 127 45 1 0 0.6816399232787078 0.9239002457029974 0 294 55 14 36 250 109 5 5 0 22 2.8209412200231774 0.7001353528328438 5 80
99.226 35 2 29417 18174 123 1 65 525 1 0 0 15 4 1 114 78 0 0 0.5054196883057978 0.745170782468793 1 27 27 3 21 156 418 10 6 1 21 3.6378699757176753 0.27511473640862283 4 80
94.572 42 12 6494 20913 107 1 124 589 0 0 2 53 125 1 80 12 0 1 0.9588098502155982 0.7366116662169155 1 181 90 13 20 337 210 4 23 1 80 2.7057302786353485 0.6017556353910429 2 80
148.179 84 21 11990 24066 4 1 113 708 0 0 0 5 25 0 54 32 0 1 0.62493169581364 0.9677777707541423 1 581 106 1 40 493 316 8 30 0 17 2.2987533960940434 0.7211502606482716 7 80
94.195 66 12 3452 26646 54 1 65 602 0 0 1 116 89 1 125 121 1 1 0.9656698256725789 0.8609657891007874 0 696 26 4 40 85 272 2 47 1 51 3.8344517542512713 0.925980050027056 6 80
96.435 76 23 28870 12268 102 1 69 461 0 1 1 40 24 0 73 94 1 0 0.8035570998771772 0.5591328621466928 0 54 93 28 8 214 205 8 29 1 81 3.1283332705626115 0.5602655792407281 5 80
89.757 39 12 19366 13829 28 1 4 254 1 1 2 80 112 1 64 31 1 1 0.5146799673764844 0.8734514100162623 1 717 17 11 39 356 206 9 5 1 13 2.1619143546379522 0.14649434663161376 1 80
104.510 96 12 23868 7471 72 0 25 494 1 0 0 55 109 0 17 68 0 0 0.5692273013471013 0.5948305338770068 0 213 36 22 19 183 110 1 31 0 90 4.591446855989928 0.9114397636999515 6 80
102.086 40 28 31452 32898 114 0 71 636 1 0 1 118 98 0 47 12 0 1 0.9241263280547316 0.7792319231112493 1 905 125 10 21 136 122 10 39 0 61 3.6012953753158814 0.7133007104940609 2 80
107.826 68 14 10440 21291 81 1 34 723 0 1 1 90 121 0 48 74 0 0 0.851634349803621 0.6824662036848554 1 38 125 28 44 71 196 9 21 0 69 4.547265981462761 0.7284219116962473 3 80
91.578 47 22 3496 27702 107 1 119 362 1 1 0 48 10 0 120 119 1 1 0.8986407853344003 0.8429400260982911 1 550 18 21 8 78 443 1 38 0 28 2.44951543257767 0.37156334027603655 5 80
87.200 16 21 10877 17008 102 0 27 616 0 0 2 74 83 1 61 74 1 1 0.8004193482527537 0.9093146192723149 0 162 71 8 35 276 474 7 42 1 83 1.8640648521107939 0.9780378651078726 3 80
105.364 83 7 32265 19780 15 1 2 936 1 1 0 62 92 0 124 79 0 1 0.5717654570755495 0.7594098560734373 1 402 106 14 24 238 497 10 29 0 36 4.107479398694916 0.06634111107466123 7 80
103.105 71 8 9302 9680 5 0 98 398 0 1 0 122 3 0 123 117 0 0 0.9083922367791444 0.8421124744327371 0 856 15 23 43 135 295 1 3 1 66 2.1240197722861627 0.2022941795213411 4 80
105.596 62 2 9598 12354 44 0 40 638 0 0 1 81 99 0 91 64 1 0 0.7583385257983528 0.9288063450122823 0 711 48 12 45 227 146 3 33 1 77 1.2726209446568473 0.25277642318207694 7 80
90.334 56 26 31345 29011 84 1 34 654 0 1 2 32 38 0 57 16 0 1 0.5823657371133608 0.8846627960829261 1 517 34 11 26 409 316 4 9 1 62 1.901264995593229 0.7584762148102763 5 80
106.104 51 19 20576 19783 66 0 108 357 1 1 2 80 11 1 110 64 0 1 0.9991172629061782 0.7161440061330165 1 297 67 17 34 399 218 10 25 0 39 2.9589448749230582 0.10135088856471919 3 80
85.655 21 10 27216 23452 38 0 95 123 0 0 2 17 16 0 13 90 1 1 0.8064095519421333 0.7253056377563629 1 419 103 8 41 402 491 9 43 1 46 2.3333294792805646 0.25546826816952684 7 80
102.208 39 26 11574 13928 77 1 31 894 1 1 1 6 35 0 87 65 1 1 0.8538976620964022 0.8610735181722258 0 562 112 26 49 136 89 10 21 1 22 1.3787579850649863 0.9518393576886196 6 80
97.716 79 11 5209 15654 10 0 115 716 1 0 2 100 62 1 21 9 1 1 0.5320100221562342 0.6629765694097443 1 428 74 15 29 188 176 8 49 1 54 3.065217070387347 0.17403702958617506 4 80
104.170 86 20 34427 8624 53 0 27 948 0 1 2 19 16 1 9 109 1 0 0.8715074258926357 0.6692177951015511 1 981 57 19 40 337 277 10 43 1 24 2.3871739598269976 0.7787554011717689 7 80
95.119 87 7 21377 30578 55 0 81 236 0 1 1 76 55 0 76 5 0 0 0.9166301728323758 0.6145426732592829 1 580 25 26 14 263 111 3 15 0 23 3.2327946916534858 0.9661148561699668 1 80
94.080 9 8 11399 35390 65 1 53 709 1 0 0 62 10 0 37 83 1 0 0.7442014354461739 0.7528183254030104 0 560 52 27 40 65 499 6 47 1 25 2.2796740365422923 0.5854806388732464 7 80
104.660 95 1 30045 6059 62 1 115 492 1 1 0 91 14 1 83 2 1 0 0.9633113183803408 0.7238781581687455 1 278 118 22 32 185 482 10 15 1 20 3.137936876774465 0.37016574624031773 2 80
87.090 36 15 34864 13787 100 0 28 746 1 1 1 35 60 0 23 14 0 0 0.8202974562536726 0.7294387620493022 1 200 53 7 29 483 44 1 7 1 41 2.9346889863311127 0.6534174617405926 8 80
109.860 98 11 12024 6829 47 0 35 786 0 0 2 32 89 0 62 90 1 0 0.6819934144984668 0.7644387782638329 1 377 32 9 42 320 62 4 10 0 55 3.242608590504881 0.6105930026802617 6 80
161.106 83 23 18325 29812 121 1 29 595 1 1 0 50 13 0 15 13 1 1 0.6591388705563278 0.6327893876457011 0 667 128 1 39 481 293 3 26 1 19 1.93431160842493 0.1486855118566992 1 80
85.117 26 11 12353 6321 113 1 84 360 0 1 2 9 27 1 123 128 0 1 0.8697695567073419 0.8202691128107618 1 859 122 13 46 188 472 5 11 0 70 1.4377434748610987 0.029224732165208045 5 80
83.387 33 19 11678 7030 78 0 88 924 0 1 2 60 127 1 73 34 1 1 0.7683559734484067 0.6408309003641317 1 132 72 6 22 304 65 6 14 1 81 4.378905990999053 0.9317110627105574 8 80
92.597 29 1 4187 13863 123 0 125 377 0 0 1 57 11 0 33 127 1 1 0.5969676921980209 0.8905441688444757 0 501 10 20 17 436 32 9 13 0 54 1.1909438112806914 0.32380162359544684 4 80
96.262 28 6 4090 35997 99 1 55 129 1 0 0 116 92 1 85 102 1 0 0.8076151526470693 0.9746316653965392 0 817 83 10 8 59 105 8 3 0 12 4.798970961280899 0.1545753493347578 5 80
87.703 23 17 14300 4987 109 1 26 251 1 0 1 80 4 1 74 75 0 1 0.9401299892803792 0.6633733955076528 0 797 66 16 30 167 91 2 44 0 69 4.0340859631705746 0.7887596019479782 4 80
90.807 37 25 5676 28818 51 0 86 714 0 0 1 4 3 1 94 46 1 1 0.5298505965331497 0.6533793421301491 0 440 92 13 12 437 263 9 29 1 53 3.493808705352519 0.464480704740172 6 80
107.601 94 14 29899 9503 26 0 89 247 0 0 1 53 61 1 57 37 1 1 0.8569636039008661 0.6116712309014088 1 326 65 21 25 423 239 3 40 1 90 3.0299518267371854 0.2291044069093413 7 80
94.298 52 27 9169 8167 76 1 67 662 1 0 1 121 74 1 49 6 1 0 0.9826021761124422 0.6623623549231744 1 308 49 11 13 110 302 5 19 0 98 4.274100792707731 0.9198578408530889 1 80
91.607 29 6 24645 25808 2 0 114 947 1 0 0 78 78 0 80 91 1 1 0.6877109441401099 0.7757256118581095 1 506 63 27 8 487 355 8 26 0 70 2.338718267107299 0.8239587254533666 2 80
97.283 83 24 34057 13928 20 0 111 100 1 1 1 64 94 0 79 106 0 1 0.5153318461876046 0.7655652930095544 0 706 8 5 13 107 426 4 24 0 33 3.8197812137938234 0.21758825089543188 1 80
99.958 53 12 18493 27973 83 1 74 982 0 1 0 46 72 1 62 107 0 0 0.8158142793415022 0.9265588535995615 0 417 124 23 41 480 117 5 42 0 49 3.2961364969822036 0.18139814946117927 7 80
84.846 17 12 33931 16293 91 0 98 693 1 0 2 76 83 1 115 57 0 1 0.9468476749656445 0.5953474370600442 0 35 35 25 21 365 103 9 40 1 11 1.6120260218622966 0.6322887678193516 5 80