620.109 14 25 30286 31697 33 0 97 863 0 0 0 39 77 1 15 24 0 0 0.7230530712936851 0.7884748369148893 1 962 41 7 45 354 274 8 27 1 87 1.88863576689669 0.485204159706664 7 44089402455
564.106 31 29 4572 26699 18 1 65 824 0 0 0 44 95 0 112 75 1 0 0.7714048179086814 0.9818209937698783 0 244 2 10 23 416 79 9 32 1 45 3.286176721025648 0.3777834208620614 7 44089402455
507.397 59 25 17303 30631 100 1 99 311 1 0 1 49 72 1 90 105 0 0 0.651915897643474 0.6719747522684492 0 72 63 3 37 79 436 3 5 0 40 4.031335077512316 0.15737836246832626 6 44089402455
1546.412 71 13 20322 9073 78 1 46 986 0 1 2 112 59 0 74 40 0 1 0.8715780697068056 0.7696328198041957 1 74 110 27 23 139 187 10 37 0 73 1.4839524771029988 0.9983013466100342 5 44089402455
677.453 41 15 31062 15352 60 1 90 883 1 0 1 53 55 0 63 111 0 0 0.6781051957677193 0.5666529821607234 0 518 110 21 39 182 178 6 11 0 96 1.3323808570811035 0.3562012354051287 8 44089402455
605.211 45 25 16026 30249 20 0 7 353 1 0 2 4 73 1 32 85 1 0 0.8458943756270152 0.8234947287394038 0 154 123 30 35 476 53 8 32 0 59 3.330706849550498 0.2828563988154108 7 44089402455
610.590 35 7 18576 15989 118 1 90 619 0 1 2 39 126 1 120 17 0 1 0.9681674397336858 0.7558528542550371 0 424 77 10 45 89 291 5 35 0 24 3.683780115106901 0.07675475029457823 3 44089402455
621.842 87 2 4747 17770 84 0 100 330 0 1 1 18 97 1 30 105 1 0 0.952176865770406 0.5822510810966055 0 307 47 29 39 144 451 4 30 0 72 2.402583071847813 0.44538528419293966 8 44089402455
644.450 35 2 8883 22374 15 0 76 208 0 0 1 62 54 1 117 33 1 0 0.6192826594601575 0.8631229772942568 1 277 61 7 47 124 438 7 38 1 15 1.6290027778087905 0.4873676441528457 5 44089402455
586.338 89 14 10386 20690 6 1 106 786 1 1 1 91 73 0 67 49 0 1 0.7910552875281549 0.8811845710181536 0 887 110 26 38 394 351 7 18 1 80 1.7734441237669993 0.4264083505971905 2 44089402455
495.092 61 3 15550 23469 77 1 55 730 0 0 1 23 81 1 106 113 0 1 0.5790503684379327 0.9283984535584247 0 261 122 29 16 169 395 5 42 0 58 2.596982451850493 0.1364483633645427 7 44089402455
526.629 61 5 22418 23923 30 1 50 137 1 1 1 112 114 0 88 128 1 1 0.8967261550143779 0.6395337179696583 0 538 91 21 35 257 357 3 32 0 56 3.756382611245189 0.8029079671727741 1 44089402455
624.494 38 18 27593 17038 39 1 56 980 0 1 0 92 95 0 28 45 0 1 0.6273121981760575 0.7240539717981711 1 487 58 11 37 138 456 6 17 0 88 2.30241979435127 0.05525889288162433 1 44089402455
593.550 81 15 9926 28987 28 0 71 800 0 1 2 20 88 1 72 66 1 1 0.9525742006306424 0.697310840460623 0 390 75 28 43 305 177 7 15 1 76 3.932388400253308 0.2396301366765028 5 44089402455
529.565 23 20 17636 18063 89 1 17 127 0 1 2 9 43 1 118 55 0 0 0.5641690242115744 0.5543687389827969 0 56 46 13 23 121 283 8 6 0 86 1.0952899766920958 0.6150392567065496 8 44089402455
593.486 78 25 34892 22216 80 1 71 842 1 1 1 17 109 0 50 97 0 1 0.9949445029356638 0.9658144606642954 0 176 83 2 34 53 438 6 50 0 100 1.9588042360326545 0.7012040821740587 4 44089402455
6988.037 83 22 4576 7474 16 1 73 458 1 1 0 40 126 0 27 27 0 0 0.7738695555250404 0.7622951682410062 1 136 123 14 25 138 121 6 35 0 32 3.74193906117752 0.27577623848222 6 44089402455
621.813 28 11 1828 8688 76 1 12 647 1 0 0 59 126 0 22 65 0 0 0.7928003836354645 0.5062844692782733 1 857 3 2 45 70 76 2 25 0 16 1.216981601516093 0.32130536870338644 6 44089402455
562.733 98 26 9071 18450 39 1 19 929 1 0 2 8 54 1 40 112 0 1 0.7297263107024856 0.8747962560106399 0 850 57 3 19 412 481 9 10 1 35 3.1219212068482105 0.8296459511725164 5 44089402455
533.161 63 11 29812 23472 16 1 66 684 0 0 0 85 25 0 59 17 0 1 0.9648603945721876 0.7595097720959403 1 359 77 5 40 404 313 10 14 0 91 2.94932384765828 0.745799695468224 7 44089402455
660.886 65 5 31782 4301 33 0 10 619 1 0 2 55 89 1 51 15 1 0 0.6238072864896618 0.5871404469565686 1 613 53 3 37 281 230 10 25 0 89 1.8331024866514896 0.3758955539286253 6 44089402455
721.501 5 8 6688 17145 22 0 37 960 0 0 2 89 105 1 117 38 0 1 0.6584277232341436 0.5033017362595887 1 760 98 3 9 219 443 6 17 1 62 4.58982894496596 0.5633018035078997 1 44089402455
744.276 71 27 15963 14498 13 1 83 740 0 0 0 74 59 1 36 59 1 1 0.9581739121532187 0.8332798382578223 1 620 118 10 48 91 339 6 14 1 29 3.5595503669366333 0.7464807180808675 1 44089402455
564.386 41 14 8992 20490 63 1 73 956 0 1 0 68 20 0 72 109 0 1 0.6015304232743082 0.658372150030117 0 214 38 1 47 403 66 10 45 0 75 4.866629191463088 0.9779576209987766 8 44089402455
632.067 24 23 15691 33142 21 0 87 304 0 0 1 95 20 0 50 103 1 1 0.9492078167174671 0.9993296322959819 1 369 18 6 9 342 491 8 4 0 44 2.920029382626196 0.5775961703296718 2 44089402455
659.675 47 11 13776 15077 11 0 66 970 1 0 0 79 64 0 62 6 1 1 0.6068989487590908 0.6770517570036474 1 585 126 25 21 186 334 5 35 1 27 1.89926352896634 0.0284174163949793 6 44089402455
802.535 76 24 27245 5019 33 0 5 916 1 1 0 26 50 0 114 29 0 0 0.767516337055794 0.612638157941174 0 75 91 28 38 163 238 8 29 1 42 4.408146588707576 0.7697626728650915 3 44089402455
542.694 30 10 34340 28705 121 0 65 665 0 0 0 58 54 0 48 41 1 1 0.7080238280259987 0.9450319214927269 0 652 29 24 30 388 447 5 34 1 99 2.7122031124559145 0.16777768868007614 4 44089402455
725.505 30 2 11923 16824 11 0 83 747 1 1 1 52 14 1 90 65 0 1 0.8880979726386116 0.9474793357404157 0 882 19 1 13 176 461 9 11 0 78 2.0966228691802566 0.15218018992927207 2 44089402455
666.335 25 5 25735 17405 35 0 71 204 0 1 0 113 45 1 70 14 0 1 0.8987660206656451 0.798129659660584 0 651 50 4 39 467 394 6 38 0 41 2.695367844895157 0.6669266462619945 8 44089402455
569.698 78 5 35558 11152 71 0 77 965 0 0 2 74 85 1 102 110 1 0 0.6587576750803454 0.6137997733780653 1 97 18 19 39 102 379 5 19 0 39 1.1855167485595302 0.4542134433227537 5 44089402455
537.601 31 15 10259 20891 46 0 88 899 1 1 1 10 46 1 105 118 0 0 0.7682844754130898 0.5392840979949152 1 317 67 11 21 218 327 9 40 1 92 3.8321440842609995 0.9531477588443038 4 44089402455
546.234 52 7 26998 20632 97 0 76 730 1 1 0 65 109 1 115 117 0 1 0.9167866670946727 0.6039372921984932 1 310 5 11 48 140 415 4 37 0 49 1.0478849668425534 0.9430230933949183 8 44089402455
533.313 35 15 4665 19567 76 1 42 766 0 0 1 69 79 0 115 17 1 0 0.6462626703029537 0.6626177680596855 1 807 92 25 45 373 408 6 13 0 86 2.912055707195263 0.5456478228773712 2 44089402455
533.817 72 15 18380 32720 100 0 118 548 0 1 2 31 66 1 92 111 1 0 0.6272078705757876 0.7131657673667564 0 228 37 8 34 420 71 9 9 0 15 4.560494816527508 0.25232048165422094 7 44089402455
548.246 94 13 2674 6657 16 1 105 727 1 0 2 85 25 0 70 36 1 1 0.6393948008117729 0.5107996585019681 0 375 89 2 29 261 181 9 39 1 79 3.4286085116806713 0.10765915059546904 8 44089402455
602.184 8 12 3548 31471 119 0 19 371 0 0 1 114 6 0 43 56 0 1 0.8858812308484034 0.552910019426071 0 925 105 2 20 407 301 4 11 0 63 3.2758208749695723 0.8418692971011789 2 44089402455
542.329 68 15 22568 31134 120 0 14 474 1 1 2 102 81 0 104 37 1 1 0.6171055040683545 0.5945170093350292 0 827 69 22 48 80 312 1 41 0 54 2.9881376640447725 0.0507623442369306 1 44089402455
593.832 18 9 24958 21796 66 0 112 651 1 1 2 55 73 0 47 17 1 0 0.6489966004302251 0.5738608414460631 1 197 64 2 22 429 272 7 5 1 69 3.520159436997875 0.8414117545356486 5 44089402455
615.049 41 21 18133 28766 17 0 32 624 1 1 2 91 70 0 103 113 0 1 0.7565237541259924 0.8457074862626263 0 206 22 27 42 234 302 10 20 1 90 3.525908146143592 0.9712425723263338 6 44089402455
597.887 99 1 21856 23283 18 0 128 167 0 1 0 126 120 1 23 26 1 1 0.8430229243502115 0.8435891087818362 1 325 109 11 28 129 141 10 5 1 16 3.5764605274582104 0.45718486639992784 2 44089402455
552.201 83 11 11821 7020 112 0 18 990 1 0 0 73 44 0 41 4 1 0 0.5878480173546361 0.6791792519422868 1 467 18 18 41 284 413 1 12 1 18 1.23359197018164 0.11799189291918888 5 44089402455
575.667 55 4 8248 26198 56 0 63 338 0 0 1 32 83 1 81 3 1 1 0.9387619569554247 0.5496819625248791 1 665 42 5 11 280 71 10 39 1 62 4.578277303851087 0.9631134206305663 1 44089402455
556.419 41 7 36400 8336 14 0 24 735 0 0 2 26 117 0 74 94 1 0 0.5402342113000023 0.6286204336537307 0 592 31 17 38 249 71 3 41 0 59 2.044319033081843 0.8785788692340496 2 44089402455
519.918 69 25 19403 25903 72 0 114 764 0 1 0 93 113 1 109 75 0 1 0.9477898252846871 0.5431145220651862 1 120 38 3 11 500 277 2 13 0 89 2.038528561186013 0.8177779859972644 8 44089402455
685.130 65 25 10169 15306 126 0 14 797 1 1 2 86 37 0 85 42 0 1 0.6859405235655252 0.5735062283973076 1 69 3 26 23 486 270 6 41 0 22 2.0585961002113047 0.011351931396434645 4 44089402455
529.520 8 27 28151 36370 115 0 55 894 0 0 2 52 46 1 40 102 1 0 0.9106937364332393 0.8478530397651096 1 585 42 21 12 366 208 1 8 1 94 2.495264961957033 0.011118637158558098 4 44089402455
641.968 6 25 4459 21239 43 1 120 809 1 0 1 95 69 0 60 71 1 0 0.5992531197020545 0.654559876378956 0 505 94 4 44 336 57 6 25 1 68 2.4497814629556314 0.39255353604944854 6 44089402455
536.384 23 3 24750 4875 71 1 45 1000 0 1 2 16 7 1 95 40 1 0 0.7868645787897939 0.8635790554997123 1 387 72 22 14 477 35 6 47 0 54 1.6429794102422428 0.13505472341836133 7 44089402455
524.512 32 29 26846 23774 106 1 82 438 1 0 0 121 110 0 126 63 0 0 0.5744848240994698 0.857446064981856 1 379 92 14 29 222 20 1 40 1 77 1.2180537895187755 0.9569105913085996 8 44089402455
512.209 57 19 6124 34757 71 1 94 661 0 0 0 46 8 1 77 73 1 1 0.9534444412351002 0.9268813573112842 0 429 125 9 48 190 493 6 48 1 85 3.437586896327854 0.47156400691073863 4 44089402455
560.584 92 18 24105 23275 54 0 68 767 1 0 1 120 103 0 46 65 1 0 0.8317783610955041 0.615161636145289 0 463 114 22 32 354 306 8 30 1 23 3.789637129073187 0.9692403423221745 4 44089402455
548.092 50 17 29854 4181 19 0 61 990 1 0 2 125 98 1 40 101 0 1 0.5189209764736589 0.846752979166271 0 545 54 25 11 137 259 1 12 0 24 1.157131671784644 0.5007725010971641 3 44089402455
605.285 71 30 22999 23592 14 1 111 238 0 1 0 10 14 1 112 99 0 0 0.9384698200077608 0.7509358754575886 1 765 90 25 40 214 56 8 9 1 88 1.7402387696949746 0.7346616081702027 5 44089402455
629.682 23 1 34935 30714 23 0 99 151 0 1 0 117 27 0 101 114 0 1 0.7465660108503249 0.6190944584114864 1 756 115 19 16 493 142 9 10 1 80 4.983728636486481 0.8885632846027944 4 44089402455
521.922 36 6 32451 4743 84 1 29 837 1 1 2 89 78 1 88 50 0 0 0.5249888761178119 0.9317325116175368 1 439 15 4 32 67 291 9 22 0 19 3.5220516667633155 0.5376963243363472 3 44089402455
587.753 31 8 14805 24084 50 0 56 112 1 1 1 40 20 0 109 99 0 1 0.996876908064441 0.7813750703432099 0 189 90 17 37 172 147 3 5 0 17 1.8547234040906617 0.9804454175727293 4 44089402455
510.055 97 23 22669 19814 98 0 104 967 0 1 0 121 74 0 27 90 0 1 0.6426192664429655 0.8026596508237276 1 338 111 11 10 260 349 6 18 1 38 3.102363250361234 0.27011148608184776 4 44089402455
599.760 12 8 35147 31404 18 1 19 228 0 0 1 112 36 1 77 104 0 0 0.755746052460845 0.6044782183292172 0 526 47 3 42 145 194 7 8 0 13 1.5819287266265611 0.19016456309200258 6 44089402455
518.163 50 16 27979 29342 88 1 39 845 0 0 1 26 52 1 102 96 1 1 0.6541492651138786 0.6790321912890112 1 748 104 21 35 137 140 2 30 0 30 2.5280780522706747 0.7376759608916093 4 44089402455
501.051 39 9 3183 30620 76 1 51 241 0 1 1 109 26 1 23 27 1 1 0.8728322997960187 0.8226086603708737 1 255 65 7 16 223 452 3 4 1 100 2.7783693727253898 0.4310769141897014 1 44089402455
519.491 68 23 5868 3323 27 1 63 900 0 1 2 117 90 0 31 124 0 1 0.6486692598836581 0.5235819515058019 1 703 92 19 33 169 116 7 38 1 41 3.398588084298468 0.30056093394210814 8 44089402455
542.194 39 24 5307 18371 32 1 65 205 1 1 2 74 15 0 113 128 0 0 0.6195910028440312 0.957653215727038 1 334 46 4 12 284 473 7 3 0 86 4.117386956537259 0.048985201395451594 2 44089402455
540.604 16 23 29747 22298 128 0 99 441 1 0 2 78 76 0 102 30 1 1 0.9245448838815997 0.8661171353888153 0 512 28 19 33 447 462 8 44 1 53 1.9853647403863595 0.5954734306552213 5 44089402455
557.653 19 11 28220 18171 26 1 126 105 1 1 2 79 91 1 75 117 1 0 0.9801639147475114 0.8693848719378013 1 728 50 15 23 91 96 1 42 1 12 4.320238877963714 0.2312925493869088 1 44089402455
579.411 61 3 17884 28662 15 1 22 953 0 1 0 2 66 0 111 84 1 1 0.8668874681484426 0.7286067382943013 0 689 107 18 37 435 171 7 15 1 50 4.4475871803191405 0.26646426492923503 4 44089402455
545.122 78 19 7662 20349 43 0 48 411 1 1 0 34 12 0 97 112 1 0 0.5902812265744578 0.6278816974967109 0 311 99 5 42 120 414 7 27 0 70 4.561897301020645 0.15365268870644744 6 44089402455
625.983 90 19 5689 35517 37 0 121 803 0 0 0 77 69 0 52 110 0 0 0.7437962281846819 0.8252412314053005 1 341 107 18 39 90 377 2 24 0 62 3.0044765479262905 0.6295607284622956 4 44089402455
534.329 43 19 11290 12409 77 0 98 719 0 1 1 31 22 1 110 44 0 0 0.665403053570337 0.6501831271109664 1 453 119 26 22 164 469 1 11 0 61 1.688429705107986 0.36698959855829727 3 44089402455
547.365 20 21 28447 20990 47 0 124 962 1 0 2 19 66 0 122 25 1 0 0.8814872496488215 0.950925738556847 0 891 87 17 15 118 132 3 2 0 75 2.169026534576746 0.1605176987737429 2 44089402455
527.265 19 13 28564 26585 56 1 18 224 1 1 1 73 98 1 46 29 1 0 0.6034373628303262 0.762420824347858 1 187 88 16 15 121 341 1 40 0 94 4.935790467362937 0.12779096708798587 1 44089402455
628.152 63 2 7160 17158 39 0 78 276 0 0 1 28 110 0 114 124 0 0 0.6011316199046169 0.7687486162386195 1 982 127 19 11 435 322 7 29 0 88 3.81171427832489 0.16637708367051018 8 44089402455
476.502 40 14 18168 18465 128 1 32 910 0 0 2 9 60 0 119 22 0 1 0.8230549217869578 0.7531704071896177 1 432 116 19 22 402 344 6 36 1 25 4.131901504534778 0.13673023032355014 4 44089402455
548.228 25 5 6529 24320 90 1 89 701 1 0 0 49 16 1 119 63 0 0 0.9179360044871681 0.5711308650589659 1 405 4 1 11 315 109 9 46 0 35 3.607147753414962 0.04605994532693447 3 44089402455
626.081 14 27 30218 36230 35 0 59 306 0 0 0 78 36 0 62 23 1 0 0.6419464825114318 0.972059855074006 0 398 125 13 35 463 477 10 33 0 22 2.21129511305379 0.4942122602387805 2 44089402455
652.916 12 13 11613 2868 62 0 49 345 0 0 1 36 51 1 105 18 0 1 0.6945298932381445 0.7646642629594007 0 544 41 7 25 67 163 1 48 0 31 2.8832206403112206 0.16313134430637932 6 44089402455
510.420 86 7 25954 26409 70 1 62 847 0 0 1 68 47 0 42 99 1 0 0.6424854304462403 0.802573468036843 1 358 128 11 13 342 317 10 21 1 49 2.8537774618922396 0.7251592550519284 3 44089402455
547.781 25 26 8821 13422 24 1 80 967 0 0 0 113 55 0 85 63 0 1 0.6265141438967685 0.8775061759475487 1 179 96 15 9 436 233 5 21 0 70 3.608777079079526 0.2930070044899109 7 44089402455
559.489 78 1 20365 33053 83 0 93 754 1 0 2 98 6 0 41 111 1 0 0.8532478510371463 0.8102737357437468 0 934 59 23 19 298 337 7 40 0 65 2.9549149177667293 0.09788947517853774 5 44089402455
549.332 54 10 13818 26450 82 0 123 130 0 0 1 33 85 1 76 22 0 1 0.901647647126586 0.5058259858830263 1 316 33 3 20 123 167 4 40 1 11 1.4160933102274473 0.9030781959015111 5 44089402455
558.477 81 15 4832 31737 47 0 60 994 1 1 1 107 38 1 111 71 1 0 0.8428890731400878 0.727656140965522 0 933 23 6 44 219 340 8 22 1 46 2.96019622794915 0.8556674966905913 8 44089402455
523.142 43 25 5238 31244 44 1 95 782 0 0 2 28 12 1 39 56 0 1 0.7993185047916078 0.8835974461660365 0 837 113 25 40 72 200 9 5 0 32 4.17677742573413 0.2615387845967182 2 44089402455
518.132 75 19 30687 22836 26 1 40 640 1 0 0 23 80 1 16 122 0 1 0.8361313387159038 0.8933034666378411 1 429 49 10 15 67 103 8 24 1 72 3.491204257108188 0.6193400534858439 2 44089402455
530.981 52 16 19818 35270 100 0 106 166 0 0 1 37 5 0 58 90 1 1 0.6901613396754118 0.7432468015847079 1 922 37 13 46 249 116 4 35 0 84 3.0883744503601864 0.7307861771499149 3 44089402455
583.572 11 28 31730 30105 82 0 49 710 0 1 2 81 94 0 92 41 1 1 0.8090094296003045 0.8368586971036152 1 110 57 15 28 57 413 2 20 1 86 4.191851947387324 0.6513958010034865 4 44089402455
617.576 99 24 23064 26165 9 0 62 830 1 0 2 121 67 1 37 28 0 0 0.7955607607315767 0.6186402966158429 0 355 25 26 19 436 95 9 31 0 47 4.827157861483769 0.27628721978792936 8 44089402455
547.001 25 3 18666 20138 60 0 65 217 1 1 2 96 30 0 39 27 0 1 0.8474348954349465 0.607768402712524 1 330 31 5 34 134 194 10 2 0 29 3.6677799785640395 0.6574247574268556 7 44089402455
594.114 90 21 29775 16759 108 0 66 705 1 0 0 98 75 1 66 111 0 1 0.9946231401651608 0.7408430479254142 1 537 62 26 28 156 64 10 27 1 58 1.2504712270807303 0.4533577401597303 3 44089402455
567.061 7 1 33665 27450 128 1 3 554 0 0 1 74 41 0 83 34 1 1 0.7281283707801812 0.7758364976471867 1 560 90 12 15 445 306 9 37 1 45 4.032205070668075 0.6089976889522013 5 44089402455
556.369 61 12 5758 12741 71 0 116 539 1 1 0 127 41 1 85 10 0 1 0.7156832802614954 0.7539313650574984 0 425 5 22 14 383 290 4 12 1 67 1.7370328771958627 0.04701789177390947 8 44089402455
577.566 71 30 9700 23766 9 1 16 765 1 0 1 44 4 0 75 12 0 1 0.7822775194751015 0.9727921673294713 0 401 49 19 13 479 452 1 18 1 11 2.9835469635031266 0.9877853691737787 4 44089402455
650.514 88 9 29184 16364 26 0 8 416 1 0 0 60 29 1 27 83 0 0 0.6405562223829433 0.8623038113139743 0 598 73 17 37 287 403 3 44 0 54 4.599537755194385 0.4616120825317708 4 44089402455
579.648 39 11 4523 22348 25 1 5 595 0 0 2 29 49 0 68 13 0 0 0.5914076150154817 0.9745666047325094 0 171 120 24 24 285 129 3 5 1 42 3.0801323049921314 0.2939056771805869 7 44089402455
543.241 59 23 30727 27775 38 1 15 381 1 0 2 100 118 0 125 64 0 0 0.9222945223273111 0.9840975827020031 0 868 50 16 42 258 186 3 32 0 87 4.445205352062628 0.09556090639233716 4 44089402455
616.534 25 10 25011 16499 105 1 78 700 1 0 0 100 99 1 43 24 1 1 0.9481996276608737 0.7891249730743815 0 686 18 30 19 138 419 8 10 1 30 1.8104430868121661 0.2957611014345376 4 44089402455
510.000 8 9 9919 35412 86 1 2 226 0 1 0 63 93 1 108 14 0 1 0.7796394262272681 0.6675423532849407 1 21 73 24 8 111 230 3 47 1 36 3.0041221858567075 0.20172658056859494 1 44089402455
574.309 19 25 20352 7936 78 0 61 642 1 1 1 76 118 0 65 56 0 1 0.6655766880681522 0.86329123587137 1 814 27 21 18 135 373 5 22 1 68 3.876381279824603 0.6820402767412853 8 44089402455
502.811 17 2 24664 22474 45 1 59 222 1 0 1 108 83 1 96 97 1 0 0.744088327054097 0.8496777443615091 1 697 123 20 44 246 290 2 7 1 49 3.701348402471563 0.7918146369266235 3 44089402455
575.745 13 14 18399 32121 74 0 68 179 1 0 0 117 30 1 93 62 1 0 0.648587130069781 0.8321812996678531 0 733 49 25 48 79 368 9 6 0 17 2.1260480407856734 0.19721378478077667 6 44089402455
528.487 37 8 27151 11331 113 1 96 555 1 0 2 118 19 1 95 21 1 1 0.6224110158211641 0.636611915919475 0 297 84 6 12 205 299 3 32 0 56 1.4610391477368112 0.2969102591726255 8 44089402455
977.877 36 9 26212 34398 10 1 70 922 0 0 1 66 3 0 107 106 0 0 0.5970897570463047 0.5970178832543793 0 297 87 28 40 342 28 5 19 0 13 3.900941768094008 0.817710881733895 3 44089402455
554.196 82 20 13823 7081 98 1 81 900 1 0 2 64 10 1 25 54 1 1 0.5596434051485382 0.8490249005451042 1 296 111 28 26 197 160 8 23 1 88 4.649257765242163 0.6278704104830882 8 44089402455
537.276 95 9 7010 33324 72 0 78 734 1 0 2 35 85 0 102 114 0 1 0.8073338577207655 0.7093434352000223 1 972 25 19 30 451 455 8 8 1 35 3.13121181770951 0.19965458168991168 4 44089402455
519.542 19 9 23128 18988 122 1 57 915 1 1 0 120 2 1 48 78 1 0 0.9700322461417308 0.5361009174967308 1 837 42 7 16 139 177 4 38 0 48 2.3575103652909073 0.23858350930241456 7 44089402455
538.450 82 28 29789 24518 108 1 71 946 0 1 0 8 96 1 112 19 0 0 0.9063127213839941 0.7830300853123902 0 152 57 21 35 273 418 7 35 0 70 4.1628646436002406 0.5783409924929265 7 44089402455
548.617 66 24 15015 30434 108 0 13 985 1 1 1 66 105 0 69 51 0 1 0.7095561017258099 0.6955325637756236 1 506 117 2 48 214 400 7 17 1 74 1.3571434189697484 0.22967383139543995 3 44089402455
501.034 62 19 12408 34474 123 1 108 244 1 1 0 3 64 1 22 95 0 0 0.8805639882645958 0.7909769947603043 1 234 97 8 34 88 384 1 33 0 29 3.9259048677565715 0.42619159784171134 1 44089402455
569.537 77 16 4286 31206 82 1 91 141 0 0 1 84 77 0 17 107 1 1 0.600910627595608 0.6322470430600284 1 726 55 19 50 264 484 2 29 1 51 4.350042119008215 0.16810235394322348 6 44089402455
533.337 98 15 6544 22538 46 1 100 912 0 1 2 20 11 1 99 71 0 0 0.8933001965854681 0.8152732432701053 1 238 15 24 32 70 298 3 50 1 26 2.5745644057612056 0.772404924995013 1 44089402455